local 327.3930 2 3 4 1 
local 299.8720 2 4 1 3 
local 294.8874 1 2 3 0 
local 306.5341 3 2 4 0 
local 345.3020 4 1 3 2 
local 327.3931 4 3 2 0 
local 259.6960 3 1 2 4 
local 287.2171 2 3 4 0 
local 306.5342 4 0 1 3 
local 296.2953 2 4 1 0 
local 287.2173 4 0 1 2 
local 327.3933 4 1 0 2 
local 287.2170 1 2 3 4 
local 241.7874 3 0 1 2 
local 345.3020 4 1 3 2 
local 345.3023 2 0 4 1 
local 290.7941 2 0 4 3 
local 290.7941 2 0 4 3 
local 296.2951 0 3 2 4 
local 290.7942 1 3 4 0 
local 292.2021 3 4 2 0 
local 290.7943 1 2 0 4 
local 280.5552 0 3 4 1 
local 296.2952 3 0 1 4 
local 287.2174 3 2 1 0 
local 327.3930 2 3 4 1 
local 292.2024 3 1 0 2 
local 259.6964 0 3 1 2 
local 290.7944 3 1 2 0 
local 327.3930 2 3 4 1 
local 299.8723 0 2 4 1 
local 294.8871 2 3 0 4 
local 299.8722 4 1 3 0 
local 345.3020 2 3 1 4 
local 345.3021 4 0 2 3 
local 296.2953 0 1 4 2 
local 296.2952 3 0 1 4 
local 259.6960 4 2 1 3 
local 290.7943 1 2 0 4 
local 280.5553 0 2 1 4 
local 327.3934 1 0 2 3 
local 259.6964 2 1 3 0 
local 290.7943 4 0 2 1 
local 287.2170 1 2 3 4 
local 299.8724 1 3 0 2 
local 280.5554 3 0 2 1 
local 290.7943 4 0 2 1 
local 345.3024 1 3 2 0 
local 299.8724 2 0 3 1 
local 287.2170 4 3 2 1 
