local 826.6420 5 9 10 7 6 3 13 4 11 14 2 12 8 1 
local 745.3274 10 3 13 11 6 2 14 1 0 9 7 5 12 8 
local 720.6271 9 10 8 7 4 3 11 14 12 0 6 2 5 13 
local 833.87710 5 13 11 8 3 12 0 2 6 4 14 1 7 9 
local 796.1360 1 4 5 13 14 11 3 6 2 10 7 8 9 12 
local 752.1689 6 8 10 11 7 2 1 14 13 4 12 3 5 0 
local 696.3634 1 8 0 14 9 7 10 12 5 11 13 3 2 6 
local 772.15910 1 6 7 14 0 5 11 4 2 12 13 9 3 8 
local 723.63913 11 2 4 6 5 9 10 0 7 14 8 1 3 12 
local 761.40813 14 8 0 9 1 10 11 7 3 6 12 4 5 2 
local 945.6739 0 5 14 6 7 8 11 1 4 12 3 2 13 10 
local 790.1620 4 7 8 5 3 13 14 12 6 9 10 11 2 1 
local 872.7977 8 3 6 9 2 13 0 11 12 5 1 4 10 14 
local 893.7469 8 6 7 2 13 4 5 11 12 14 0 1 3 10 
local 696.98211 0 7 6 1 3 5 2 10 8 14 4 13 9 12 
local 880.38413 10 12 14 5 11 3 1 7 2 6 4 0 9 8 
local 886.37712 6 10 3 11 1 14 4 2 9 8 7 5 13 0 
local 864.1232 12 1 3 8 5 4 14 13 0 11 10 9 7 6 
local 800.6567 0 13 11 14 2 12 5 9 1 4 3 10 6 8 
local 786.2452 6 14 3 12 7 11 0 4 1 10 9 13 5 8 
local 748.77814 8 11 7 10 0 1 6 5 4 13 12 9 3 2 
local 900.9290 7 10 13 2 6 11 4 9 5 8 1 14 3 12 
local 742.1828 10 14 0 12 13 5 6 4 3 7 2 9 1 11 
local 692.9266 9 7 5 10 0 11 2 8 14 12 13 3 4 1 
local 754.324 3 11 8 9 6 2 12 5 1 14 13 7 0 10 
local 737.3251 2 6 12 9 14 5 13 11 7 10 0 8 3 4 
local 660.45512 7 6 3 13 2 0 10 14 9 8 5 4 11 1 
local 749.34812 3 11 13 5 4 6 8 1 10 0 7 2 9 14 
local 831.0127 11 9 5 2 10 13 4 14 6 8 12 0 3 1 
local 666.5240 8 5 12 13 3 9 4 10 11 6 7 14 2 1 
local 813.451 4 8 9 10 2 12 11 7 0 3 14 13 5 6 
local 693.6017 9 10 4 5 6 2 0 13 14 11 1 3 12 8 
local 705.583 11 5 12 14 1 9 2 0 13 4 8 10 7 6 
local 719.2555 0 4 10 9 6 12 8 3 1 13 2 7 11 14 
local 789.7873 7 12 5 0 6 14 8 4 2 9 11 1 10 13 
local 835.0811 10 5 8 3 2 12 6 1 7 9 13 4 0 14 
local 812.6042 1 7 11 6 0 5 13 4 12 3 14 10 8 9 
local 899.2229 6 0 3 8 13 7 12 14 2 10 11 1 4 5 
local 669.5376 2 10 12 3 1 8 14 7 9 13 5 4 0 11 
local 907.75 14 7 11 4 3 10 1 8 6 0 12 9 13 2 
local 745.1426 0 8 11 10 1 2 5 7 14 9 3 4 12 13 
local 784.17911 1 6 7 0 4 12 10 3 8 5 13 14 9 2 
local 735.2384 6 5 3 13 11 10 12 8 2 14 7 1 0 9 
local 737.5992 6 11 10 8 7 3 1 0 9 14 4 12 5 13 
local 862.0192 11 6 14 0 3 12 10 4 1 9 7 5 8 13 
local 770.3633 13 10 4 12 1 8 9 2 7 11 6 0 5 14 
local 736.23413 9 11 2 12 8 14 4 6 3 10 0 5 7 1 
local 681.3146 8 2 0 7 10 4 1 5 11 3 14 13 9 12 
local 674.7875 11 3 13 9 14 6 2 7 4 1 0 12 10 8 
local 872.3654 6 1 0 14 13 7 5 9 10 11 12 3 8 2 
local 794.0790 6 11 10 12 3 1 8 9 7 2 5 13 14 4 
local 799.6856 14 9 7 3 10 12 13 8 2 4 5 1 0 11 
local 946.9369 0 1 8 11 13 5 3 7 12 10 6 2 14 4 
local 699.870 10 11 2 7 5 4 3 13 8 14 1 12 9 6 
local 900.2813 12 8 1 2 13 9 4 5 7 10 14 6 11 0 
local 661.5672 14 11 10 5 12 4 9 1 13 8 0 3 6 7 
local 775.0523 11 7 12 4 8 14 13 10 2 5 9 1 6 0 
local 773.62111 14 12 9 1 3 8 7 0 5 4 13 2 6 10 
local 889.9065 14 0 1 8 12 9 13 10 7 3 11 2 6 4 
local 742.38514 0 2 8 6 1 12 7 13 11 4 10 5 9 3 
local 72013 5 14 8 2 11 10 3 1 9 6 7 4 0 12 
local 826.9819 13 6 5 7 0 11 1 2 12 4 8 14 3 10 
local 827.3412 3 1 5 8 4 11 12 6 13 10 9 7 0 14 
local 860.8313 12 9 7 0 11 5 2 6 3 1 10 14 4 8 
local 881.6274 1 10 7 12 2 13 8 9 14 6 11 3 5 0 
local 699.5235 0 9 6 8 2 1 12 3 13 7 11 14 10 4 
local 889.5442 6 10 1 3 8 7 9 12 11 5 14 0 13 4 
local 802.22114 9 6 3 2 8 12 0 4 13 10 11 7 1 5 
local 850.05511 5 8 9 0 4 12 1 7 13 6 14 2 10 3 
local 897.02914 5 13 2 11 0 9 1 8 3 6 12 10 7 4 
local 844.0914 9 1 5 0 13 10 11 6 3 7 12 8 2 14 
local 733.1160 4 1 3 11 12 13 14 10 2 9 5 6 8 7 
local 711.9373 1 13 10 12 6 11 2 5 4 14 7 9 0 8 
local 739.1212 0 7 2 14 8 4 10 13 1 5 9 6 11 3 
local 770.7823 10 5 11 2 8 4 9 6 12 14 1 13 7 0 
local 856.93712 2 5 10 1 0 11 7 14 9 8 3 4 13 6 
local 845.37514 8 7 12 5 1 2 4 13 0 11 3 9 6 10 
local 821.1286 9 8 12 11 3 1 14 0 4 2 13 10 7 5 
local 839.7963 7 9 12 2 6 10 8 1 5 13 0 4 11 14 
local 866.5087 10 9 1 0 14 13 6 11 12 8 3 4 2 5 
local 799.2414 6 2 1 14 0 10 11 5 9 3 12 7 8 13 
local 766.49410 5 6 1 13 7 8 3 11 9 2 0 12 14 4 
local 951.72314 2 6 5 9 4 11 3 0 7 12 13 8 1 10 
local 792.6165 13 7 1 3 4 11 2 14 6 10 12 8 0 9 
local 813.1055 7 1 14 0 11 3 2 10 13 9 4 12 6 8 
local 736.215 9 13 12 0 8 4 7 14 1 2 11 3 6 10 
local 821.50211 5 14 3 7 9 12 2 10 8 6 1 4 0 13 
local 658.4958 0 10 14 2 3 5 4 11 6 9 1 13 7 12 
local 712.31911 2 8 3 13 14 10 6 1 7 12 4 0 5 9 
local 794.7986 11 0 8 3 1 2 13 5 14 10 4 12 9 7 
local 794.543 7 5 11 2 1 12 9 13 6 8 14 0 10 4 
local 935.7483 12 10 11 7 1 0 13 8 14 5 9 2 6 4 
local 776.9226 3 7 10 14 9 8 1 4 12 5 13 11 0 2 
local 785.40912 11 14 9 10 7 4 0 13 5 1 8 2 3 6 
local 790.7872 11 4 13 5 1 3 8 12 9 6 14 0 7 10 
local 751.3282 4 10 5 14 12 0 6 11 8 1 13 3 7 9 
local 778.5219 2 0 10 11 1 8 5 14 6 3 12 7 4 13 
local 917.2495 12 8 11 9 2 1 0 13 10 7 3 6 14 4 
local 704.9486 8 0 7 2 5 4 9 3 14 10 1 13 12 11 
local 805.9568 3 7 6 9 13 10 4 12 1 2 0 14 11 5 
local 812.1136 5 3 9 10 7 13 4 8 11 2 14 0 1 12 
local 779.8897 6 9 1 4 12 3 8 11 0 13 14 5 10 2 
local 882.65812 3 2 9 8 1 13 10 6 0 4 7 11 5 14 
local 822.9248 5 14 10 12 2 3 1 4 6 0 13 9 7 11 
local 926.4530 5 14 13 7 12 9 6 11 2 3 10 4 8 1 
local 793.1111 10 14 6 2 4 1 13 7 8 3 9 5 12 0 
local 871.81910 14 13 8 3 2 7 12 9 5 1 11 6 0 4 
local 730.3950 2 8 11 10 5 9 3 4 1 12 7 14 13 6 
local 678.66311 6 0 8 14 10 5 7 2 9 1 13 12 4 3 
local 865.2490 13 9 12 4 7 3 11 8 6 14 5 2 1 10 
local 810.736 11 9 13 12 14 0 1 10 5 2 7 8 4 3 
local 725.1349 8 10 5 2 4 6 12 14 0 7 3 1 11 13 
local 793.60914 0 6 4 8 10 1 2 11 3 5 7 12 9 13 
local 731.6726 1 14 0 13 3 12 4 7 5 8 10 11 2 9 
local 781.689 8 12 1 6 4 13 11 2 0 7 10 5 14 3 
local 970.1950 13 2 3 8 9 4 12 7 1 10 5 6 14 11 
local 633.70111 12 1 6 3 13 4 5 14 9 10 7 8 2 0 
local 695.01410 13 1 0 9 11 7 14 12 3 6 4 5 8 2 
local 856.31311 13 7 6 0 14 1 8 2 3 5 4 9 10 12 
local 757.47911 14 5 10 0 2 4 1 12 13 9 8 3 7 6 
local 728.68812 1 13 10 6 4 2 11 14 7 8 5 0 9 3 
local 738.497 8 12 11 2 5 6 14 10 4 13 3 1 0 9 
local 867.38110 0 11 9 6 8 1 4 7 13 14 5 12 2 3 
local 860.38111 4 7 2 8 1 10 14 13 0 9 12 6 3 5 
local 850.2356 8 5 11 2 10 14 1 7 9 4 13 0 3 12 
local 848.0613 14 10 5 0 6 8 11 9 1 2 13 4 7 12 
local 841.2613 5 14 12 7 8 10 13 0 11 6 2 9 1 4 
local 786.7280 3 6 13 10 2 9 14 5 4 11 1 12 8 7 
local 728.86411 6 8 5 7 10 1 9 4 2 0 3 13 12 14 
local 679.8676 5 0 12 8 11 13 3 1 14 2 7 10 9 4 
local 961.30313 11 3 2 14 12 7 0 1 10 5 9 4 6 8 
local 865.0585 1 4 3 11 0 9 2 14 13 12 10 6 8 7 
local 836.70311 8 13 3 6 14 10 9 12 7 0 5 2 4 1 
local 760.9461 11 10 4 7 2 0 13 12 3 5 9 14 6 8 
local 871.0666 8 4 10 14 13 0 11 3 12 7 1 5 9 2 
local 802.9199 10 11 13 7 6 5 1 3 2 14 12 0 8 4 
local 757.82413 5 3 9 4 1 11 12 14 6 8 0 2 7 10 
local 753.9553 13 6 9 7 4 0 2 12 1 8 11 10 5 14 
local 739.3421 10 2 5 3 6 8 0 9 7 11 12 4 13 14 
local 819.4423 11 2 8 13 0 4 14 5 7 10 12 9 6 1 
local 816.657 5 1 6 11 8 4 12 14 2 0 3 10 9 13 
local 751.4895 4 9 0 6 12 3 2 14 10 8 11 7 13 1 
local 580.867 4 5 1 12 0 10 8 6 11 14 3 13 9 2 
local 653.8970 10 12 4 5 9 13 14 6 7 1 3 8 11 2 
local 730.37312 13 10 6 11 2 0 4 3 9 7 1 14 8 5 
local 836.6645 12 14 9 8 1 7 4 13 10 6 11 0 2 3 
local 900.213 8 12 2 1 10 9 4 0 14 11 7 6 3 5 
local 718.67610 1 13 4 6 3 7 8 11 14 9 12 0 5 2 
local 828.5185 8 12 14 13 9 11 10 3 4 1 0 7 2 6 
local 817.0553 7 10 14 1 6 0 4 8 13 11 2 9 5 12 
