local 1568.330 10 17 18 12 9 2 25 7 16 26 14 6 3 22 19 8 13 28 1 21 4 29 5 15 24 11 20 27 23 
local 1532.143 19 1 15 13 12 4 2 28 22 7 26 16 9 6 25 20 8 11 23 18 27 0 17 21 10 29 5 14 24 
local 1835.911 2 6 8 26 28 21 27 18 24 10 4 25 15 3 9 0 23 12 11 22 17 16 29 5 19 7 14 20 13 
local 1501.929 2 16 6 27 1 8 5 23 12 17 3 4 26 22 25 7 21 14 29 15 20 13 19 10 0 28 24 18 11 
local 1604.927 22 2 6 10 7 15 16 25 12 0 20 21 26 4 28 29 23 3 24 5 8 13 1 18 9 14 19 11 17 
local 1822.7419 18 9 29 2 12 5 1 6 4 0 25 28 13 7 15 10 22 23 20 14 8 3 27 21 24 11 26 17 16 
local 1600.6114 16 4 11 17 8 25 9 19 21 24 12 3 15 22 10 23 7 0 2 28 5 20 26 27 29 13 1 18 6 
local 1579.4623 0 13 11 22 8 6 5 17 2 27 15 1 24 16 28 25 10 29 20 26 18 14 4 7 21 19 3 9 12 
local 1724.1224 12 20 4 2 7 29 19 14 1 10 11 25 17 13 8 27 16 18 23 3 5 6 28 15 26 9 0 22 21 
local 1763.0315 14 27 21 2 26 24 5 12 7 28 13 10 4 3 17 1 29 18 11 22 9 0 19 16 25 6 8 20 23 
local 1792.7128 16 21 12 18 29 3 11 5 6 22 15 2 27 4 7 10 25 0 17 9 26 19 24 20 23 1 8 14 13 
local 1655.1617 21 28 15 23 26 25 6 4 20 24 7 14 0 13 1 10 22 9 11 3 5 12 8 29 27 2 18 19 16 
local 1460.068 5 22 14 15 9 21 23 18 0 28 6 4 16 7 13 17 11 27 24 29 20 10 26 2 25 12 3 1 19 
local 1684.5824 14 12 4 26 9 22 17 27 2 8 16 6 1 20 10 18 3 28 13 19 21 23 11 25 15 5 7 0 29 
local 1320.9115 23 18 8 16 17 26 14 29 25 6 4 22 27 20 0 1 7 13 28 2 24 19 9 10 21 12 3 5 11 
local 1892.32 8 16 17 18 14 23 20 19 5 12 29 7 6 11 22 24 25 1 10 21 3 15 28 9 26 0 4 27 13 
local 1786.487 22 10 24 28 1 14 18 21 23 29 20 3 26 9 11 15 19 25 12 8 27 6 0 16 4 17 5 13 2 
local 1638.287 15 25 8 0 9 28 12 29 20 18 14 24 4 5 26 2 11 23 10 17 27 21 16 22 13 6 19 1 3 
local 1404.85 2 13 21 10 11 9 24 23 3 17 29 28 18 14 7 6 15 1 8 12 22 27 0 4 25 26 16 19 20 
local 1654.0613 4 19 25 3 2 0 28 7 9 23 10 16 27 24 20 29 22 26 5 18 1 12 11 21 15 6 14 8 17 
local 1577.6913 0 16 21 20 9 12 11 5 27 29 6 10 23 15 26 2 3 22 14 19 8 25 18 1 4 28 7 24 17 
local 1607.249 11 10 3 26 21 18 22 2 19 29 6 24 1 28 17 5 4 25 23 7 13 16 15 12 8 0 27 20 14 
local 1539.95 22 12 29 9 27 23 17 1 7 14 15 26 0 24 18 28 25 19 13 16 6 10 4 8 2 21 11 20 3 
local 1435.7627 18 23 2 3 12 29 22 6 19 5 4 8 25 28 21 11 17 15 7 13 9 16 20 26 1 10 14 24 0 
local 1608.7110 21 5 26 17 29 7 3 25 11 16 8 12 6 14 19 1 0 15 2 28 22 20 24 9 13 27 18 23 4 
local 1708.481 11 23 18 24 3 7 12 0 9 17 6 2 29 20 21 13 4 22 5 25 27 28 8 10 19 14 16 15 26 
local 1593.6818 0 1 16 21 25 26 12 10 19 11 22 14 29 17 15 5 6 7 8 20 9 2 28 23 13 3 27 24 4 
local 1325.376 24 15 1 13 27 16 11 25 3 12 26 22 28 23 17 29 7 8 20 5 19 9 0 4 14 2 18 21 10 
local 1719.386 23 14 1 0 2 27 24 5 26 11 22 10 29 18 9 13 4 7 16 8 3 12 15 20 19 28 17 21 25 
local 1723.4810 29 0 1 14 23 15 26 6 5 7 11 17 21 25 3 8 12 9 13 16 27 22 28 2 19 4 20 24 18 
local 1604.8526 10 28 15 27 21 19 1 17 9 11 14 0 3 5 24 2 7 20 22 13 12 16 8 4 6 23 29 18 25 
local 1548.834 6 1 8 14 12 21 23 19 24 10 7 17 16 20 28 27 9 22 15 26 0 5 2 18 13 25 29 3 11 
local 1516.799 2 20 12 25 19 4 11 3 28 23 15 26 16 0 1 7 24 21 10 17 13 27 18 14 22 8 29 6 5 
local 1633.754 11 19 1 10 13 0 5 21 18 9 29 16 20 27 3 24 8 6 17 23 14 15 2 28 25 26 22 12 7 
local 1667.8922 10 16 17 0 20 24 5 3 25 18 9 28 29 12 13 7 14 8 26 15 6 2 23 1 21 27 11 4 19 
local 1585.268 18 1 7 5 25 2 20 17 24 0 16 11 13 22 15 19 12 6 26 27 28 29 4 10 9 3 21 23 14 
local 1786.356 2 26 19 24 9 21 25 3 0 28 4 16 7 14 27 15 22 17 29 23 8 13 10 12 20 11 5 1 18 
local 1598.136 19 9 22 7 13 5 0 2 3 26 28 8 15 27 14 17 20 25 16 4 10 12 29 24 23 18 1 11 21 
local 1529.1228 16 14 25 7 12 10 6 26 0 15 1 8 18 20 21 24 23 27 5 13 11 29 4 19 17 9 3 22 2 
local 1763.747 13 18 23 17 8 19 10 9 14 24 4 3 11 5 22 25 0 16 15 29 28 21 26 27 12 2 6 1 20 
local 1635.418 12 2 10 29 4 19 6 26 11 1 17 13 25 24 3 20 21 16 28 22 23 18 0 14 9 15 27 5 7 
local 1579.1428 3 10 9 18 16 20 12 27 2 4 22 25 5 21 6 0 11 13 1 19 26 17 29 14 7 8 23 15 24 
local 1561.4911 15 13 28 8 22 3 7 14 23 25 4 16 29 27 20 24 6 0 1 9 19 5 2 12 17 26 18 21 10 
local 1834.8323 10 29 3 11 16 0 28 14 12 21 18 2 27 1 6 15 25 9 17 4 20 19 26 8 24 5 7 22 13 
local 1525.2722 4 15 5 27 29 19 17 9 13 6 24 18 26 25 21 8 2 23 12 16 7 28 20 3 14 10 1 11 0 
local 1719.26 13 8 22 0 10 3 1 24 4 25 27 26 16 15 18 11 5 12 9 7 14 28 23 29 20 2 17 21 19 
local 1616.9513 6 0 18 29 17 11 5 27 22 21 24 9 23 20 8 26 4 1 25 12 19 15 28 14 16 2 7 3 10 
local 1653.614 22 8 25 7 1 27 11 5 9 3 10 29 24 0 17 19 14 20 12 6 15 21 26 23 16 28 18 2 13 
local 1705.3619 3 0 2 20 16 11 13 26 27 12 4 25 9 5 6 7 23 8 24 17 14 15 28 10 22 18 21 29 1 
local 1484.8113 15 11 0 9 7 5 3 6 28 10 26 23 14 27 12 18 22 21 24 4 25 19 8 16 17 1 29 2 20 
local 1742.0912 10 4 17 20 1 25 16 8 7 3 6 19 28 13 22 21 24 9 0 27 18 23 26 15 14 29 2 11 5 
local 1622.3425 6 2 17 13 15 0 18 26 19 24 21 22 4 12 23 20 29 1 27 3 7 16 9 11 5 28 10 14 8 
local 1535.891 9 29 27 11 23 16 14 20 3 25 5 24 18 6 26 10 2 21 17 19 7 28 22 4 13 12 8 0 15 
local 1659.5120 29 26 16 15 27 8 23 11 2 9 13 12 1 24 4 17 7 10 25 0 14 18 19 3 5 22 6 28 21 
local 1777.3823 13 21 15 28 19 18 8 17 9 12 22 1 25 20 3 4 24 27 5 11 6 26 0 2 29 14 7 16 10 
local 1731.8913 22 17 25 3 27 8 20 2 29 5 0 26 10 21 24 23 4 7 6 19 14 11 9 15 1 18 16 12 28 
local 1699.8429 28 11 7 13 18 1 6 5 17 10 26 12 2 22 21 16 0 15 3 8 27 19 14 20 23 25 4 9 24 
local 1527.8819 15 25 16 8 4 26 18 20 11 14 13 22 24 29 1 28 17 7 23 9 0 27 12 3 2 5 21 10 6 
local 1685.8123 25 1 11 9 2 7 5 28 4 10 0 26 29 8 6 14 16 15 24 12 22 13 27 18 21 19 20 3 17 
local 1511.4123 26 13 10 21 29 1 11 8 25 28 2 4 5 27 6 7 20 9 15 17 19 16 14 3 24 0 18 22 12 
local 1571.524 2 26 18 10 8 25 19 27 17 29 0 13 16 28 22 23 5 1 9 20 21 4 6 7 14 3 12 15 11 
local 1710.6121 0 23 17 8 14 3 16 5 24 26 10 15 27 28 11 19 22 6 2 7 25 29 4 12 9 13 1 18 20 
local 1574.0413 16 8 21 7 17 29 11 10 9 4 22 6 0 27 18 12 25 20 15 3 23 26 24 1 5 28 19 2 14 
local 1539.117 9 28 24 11 14 18 25 20 6 10 29 2 0 26 15 1 21 12 13 17 3 4 8 19 5 16 27 23 22 
local 1774.2323 11 16 9 12 19 8 4 1 6 17 3 5 7 18 21 20 15 27 0 26 28 14 2 29 10 22 25 24 13 
local 1598.0226 23 6 3 29 22 9 25 19 15 20 2 24 8 10 14 16 13 18 0 11 12 17 4 28 27 7 21 1 5 
local 1587.1323 15 26 4 9 27 16 13 22 11 6 2 19 8 24 10 3 25 12 7 17 1 28 5 18 20 14 29 21 0 
local 1759.7813 16 6 20 29 27 7 3 15 21 8 0 19 11 12 24 25 26 28 22 9 2 1 18 17 4 5 10 23 14 
local 1497.5126 10 4 18 6 7 21 2 28 16 8 24 5 20 13 3 1 12 11 22 19 15 17 27 9 23 0 25 14 29 
local 1481.123 20 2 9 8 4 12 16 11 15 7 1 13 14 0 18 26 17 23 28 6 19 29 5 22 25 27 24 21 10 
local 1522.1614 10 8 1 22 0 20 24 27 29 21 5 16 3 13 6 19 7 15 11 2 18 17 9 25 23 26 4 28 12 
local 1552.6214 8 10 6 24 2 18 5 15 16 27 9 21 1 0 13 25 7 19 20 4 28 29 12 22 11 3 23 26 17 
local 1665.7224 27 19 11 20 17 23 4 6 12 5 0 28 1 7 14 13 29 3 8 16 22 2 9 25 21 26 15 10 18 
local 1674.426 15 25 24 14 19 4 12 0 8 16 23 27 7 21 2 10 28 5 6 18 22 11 9 29 3 13 1 20 17 
local 1651.5211 16 25 28 2 15 20 17 29 23 26 6 24 3 1 18 22 4 8 14 21 5 19 9 13 10 7 12 0 27 
local 1628.5610 5 8 14 25 2 7 4 13 18 15 28 27 6 20 19 22 29 26 17 1 21 12 24 3 11 9 0 23 16 
local 1714.815 13 8 19 4 6 29 24 3 23 11 21 10 9 27 26 14 2 18 0 20 7 28 15 22 12 16 17 25 1 
local 1635.8425 28 24 2 17 14 16 29 13 8 10 9 27 26 18 1 15 7 12 11 5 20 19 0 3 4 6 22 21 23 
local 1781.3523 17 11 16 9 24 5 0 19 26 21 29 2 3 8 18 12 10 25 1 27 4 20 22 28 13 7 6 14 15 
local 1539.3125 29 10 14 26 9 5 3 22 18 11 2 19 27 28 16 13 12 20 0 17 7 4 1 6 15 21 24 8 23 
local 1571.1921 6 25 16 10 3 0 28 18 2 8 15 17 14 24 29 27 4 19 13 7 23 22 11 12 26 20 9 1 5 
local 1534.233 24 12 10 26 13 17 20 27 23 25 11 9 28 7 1 19 18 8 22 21 5 6 14 4 16 2 15 0 29 
local 1778.9717 7 13 23 20 4 10 26 21 18 22 9 25 1 28 8 29 15 16 3 14 2 24 6 0 5 19 12 27 11 
local 1855.5627 17 12 9 24 23 15 5 22 8 25 0 7 4 6 14 13 3 26 21 20 10 2 11 16 29 19 18 1 28 
local 1655.421 8 3 20 2 1 19 10 22 16 28 27 26 15 5 25 13 29 14 0 17 6 18 23 24 11 7 12 4 9 
local 1508.380 27 2 23 29 5 11 17 20 9 8 7 19 14 28 24 13 15 3 25 6 16 12 10 18 21 4 22 1 26 
local 1713.181 0 18 24 26 15 8 10 21 16 14 23 25 20 22 12 2 7 29 17 6 4 28 27 19 3 13 5 11 9 
local 1627.2414 24 27 29 8 4 2 7 3 23 13 11 12 25 18 5 0 16 21 19 17 9 22 6 28 10 15 1 26 20 
local 1798.0712 9 27 6 22 18 11 19 25 16 2 14 8 7 24 10 5 13 28 0 29 20 26 21 17 15 3 1 23 4 
local 1462.6325 16 17 18 28 1 22 11 0 6 10 21 14 23 2 5 13 15 9 19 7 27 12 24 3 26 29 8 4 20 
local 1639.810 21 4 7 8 18 14 15 16 5 11 2 24 12 23 0 19 20 25 26 6 9 3 29 1 28 13 17 27 22 
local 1453.6717 15 11 9 24 20 23 26 14 7 0 16 6 22 4 19 13 21 12 18 1 2 25 5 8 29 3 27 28 10 
local 1585.7324 20 2 0 4 11 18 21 13 25 12 1 29 10 9 19 15 22 17 26 5 14 16 27 3 6 7 23 28 8 
local 1521.9724 21 22 25 26 15 13 7 16 5 11 6 29 1 23 8 2 27 12 0 28 14 9 3 18 10 17 19 20 4 
local 1680.028 9 1 28 11 6 26 15 0 7 4 23 29 24 10 27 17 2 12 14 22 21 13 25 3 16 5 19 18 20 
local 1564.22 8 6 27 21 0 24 4 29 28 1 7 15 11 12 3 25 10 19 18 16 13 22 5 20 23 9 17 26 14 
local 1521.771 20 12 28 16 0 17 11 3 27 5 2 22 24 25 23 19 26 18 8 21 29 13 9 4 6 10 7 15 14 
local 1460.627 1 13 11 24 20 8 14 0 21 4 15 19 10 25 12 7 17 3 6 18 23 26 2 16 28 29 5 9 22 
local 1607.9310 29 2 25 13 28 4 17 8 15 16 27 11 24 21 19 6 0 26 20 7 5 9 18 3 12 14 1 23 22 
local 1527.613 1 4 29 20 26 25 7 17 10 2 11 18 6 24 12 8 14 23 28 16 15 19 0 9 27 13 5 22 21 
local 1665.2417 4 21 18 6 24 26 16 12 2 13 14 19 15 9 20 29 22 11 1 0 25 23 8 3 5 27 7 10 28 
local 1572.4625 10 24 28 14 16 15 4 21 18 22 5 13 9 0 2 6 3 1 8 29 7 19 20 23 11 27 26 17 12 
local 1482.325 16 25 10 28 6 22 19 24 17 7 8 15 21 1 14 27 29 0 9 2 26 12 20 18 4 3 11 13 23 
local 1550.9423 21 7 28 5 2 24 20 9 19 6 29 0 4 25 8 12 16 15 3 14 11 1 13 17 22 10 18 26 27 
local 1815.621 24 4 14 10 18 11 6 22 29 15 27 8 12 19 28 5 1 17 3 20 13 0 16 2 26 9 23 7 25 
local 1648.649 28 22 24 10 16 15 8 14 4 0 26 3 12 21 25 6 11 27 29 18 5 17 19 23 7 13 2 20 1 
local 1406.0520 0 2 19 15 29 21 28 6 13 3 25 12 14 8 9 17 11 24 26 4 16 5 10 7 1 27 23 18 22 
local 1536.1219 16 13 15 1 20 0 5 12 23 6 8 11 22 3 10 24 2 17 25 29 28 14 26 27 7 9 18 4 21 
local 1439.493 21 12 8 17 23 5 14 9 11 7 13 19 4 10 28 1 16 22 26 25 24 15 0 6 27 20 2 29 18 
local 1687.123 26 20 16 4 2 11 6 10 1 14 15 8 13 18 27 28 21 24 12 5 17 9 23 25 22 0 7 29 19 
local 1637.4625 23 22 21 7 0 12 5 17 16 18 28 10 1 15 11 4 14 29 20 9 6 8 26 24 19 3 27 13 2 
local 1535.189 21 17 26 20 4 14 11 13 12 29 7 19 0 18 27 6 3 1 24 25 22 28 15 5 16 23 10 8 2 
local 1566.3123 12 24 7 15 20 22 9 11 5 17 26 29 6 13 0 2 18 8 3 1 25 16 21 10 19 28 27 4 14 
local 1629.1525 0 12 16 6 29 22 2 26 10 4 11 14 13 17 19 8 1 21 23 20 9 3 28 5 15 24 18 7 27 
local 1488.4323 21 22 8 25 24 3 10 29 2 13 7 17 18 6 19 4 16 11 27 20 0 14 12 5 28 26 15 1 9 
local 1349.020 17 15 5 10 11 3 18 25 2 9 20 16 4 8 6 24 28 23 12 1 22 14 26 13 21 7 19 29 27 
local 1478.1626 0 16 14 13 7 8 10 2 6 19 1 9 23 3 12 28 22 4 18 29 24 11 15 20 21 5 27 25 17 
local 1793.0626 17 16 29 25 5 21 2 18 11 12 7 15 8 13 6 4 19 22 28 1 27 3 20 14 10 24 0 9 23 
local 1638.840 12 22 20 15 11 28 4 3 1 2 17 26 8 18 10 21 27 7 16 5 23 9 14 29 6 25 24 13 19 
local 1641.8925 8 4 7 26 16 20 0 1 29 24 28 6 5 27 19 2 21 17 22 23 9 11 14 15 12 13 18 10 3 
local 1604.093 20 19 28 21 2 0 15 23 17 6 1 29 24 26 27 16 11 13 5 10 9 7 8 18 4 12 14 22 25 
local 1405.8219 16 18 29 21 28 13 7 17 1 10 27 3 15 20 5 6 22 23 4 26 14 25 2 9 0 12 11 8 24 
local 1594.696 11 19 21 10 29 12 27 18 9 5 22 28 7 0 25 4 13 16 8 1 17 24 23 14 3 15 2 26 20 
local 1370.788 23 28 12 13 14 3 22 2 9 24 19 15 21 4 26 27 18 29 5 16 20 11 25 7 1 6 17 10 0 
local 1354.092 13 4 7 18 16 27 28 9 21 6 29 12 8 20 5 25 22 3 24 1 15 14 26 23 10 17 19 0 11 
local 1747.1811 22 1 0 29 17 10 26 24 27 8 12 5 9 14 2 16 6 19 23 28 13 7 15 25 18 21 4 20 3 
local 1514.3328 20 15 23 25 8 13 9 17 1 22 10 6 24 3 26 5 14 11 4 18 21 29 7 19 0 2 12 27 16 
local 1768.81 29 2 24 11 6 25 0 23 20 14 28 19 10 16 27 9 3 17 18 13 4 12 22 8 26 21 5 7 15 
local 1770.298 4 29 21 23 26 7 11 17 0 10 25 19 13 3 16 18 15 12 6 1 27 24 9 22 20 2 14 28 5 
local 1414.8911 25 12 16 26 4 5 20 27 17 29 24 28 6 19 1 0 7 22 21 15 13 9 8 10 23 2 3 14 18 
local 1644.548 15 7 21 2 18 24 14 28 25 5 6 13 16 4 1 12 27 10 23 26 29 11 20 17 9 22 0 3 19 
local 1648.133 2 29 25 28 23 16 18 26 7 0 21 1 20 24 17 13 5 4 6 15 14 19 22 10 11 12 8 27 9 
local 1614.812 20 3 18 11 23 13 14 10 27 29 12 17 28 6 25 7 15 8 0 16 21 1 9 19 26 4 5 24 22 
local 1540.8327 4 25 1 12 14 19 24 23 9 0 7 8 29 3 18 17 15 26 11 21 6 22 13 5 28 2 10 20 16 
local 1762.793 28 26 15 24 5 13 23 22 4 11 19 6 25 8 7 16 17 29 20 14 1 21 0 18 9 27 10 2 12 
local 1499.813 21 4 15 19 13 6 8 16 20 26 29 5 7 14 12 18 10 17 1 22 25 24 2 11 23 0 27 28 9 
local 1820.412 1 28 4 14 9 26 21 27 29 17 10 25 0 3 12 15 5 23 11 18 8 20 6 24 7 16 13 19 22 
local 1438.648 15 24 19 23 12 3 25 20 28 22 10 16 1 29 17 4 2 7 13 14 26 18 21 27 5 0 11 6 9 
local 1555.6126 28 29 4 23 9 21 8 17 18 10 15 19 25 3 2 22 14 27 20 13 11 7 16 24 1 6 0 12 5 
local 1788.855 12 0 15 11 8 23 17 9 4 26 10 2 13 25 19 3 27 20 28 22 14 1 18 16 7 29 6 24 21 
local 1663.5116 8 19 25 4 29 26 9 18 1 7 22 13 21 12 20 6 17 15 11 10 23 3 2 14 5 28 0 27 24 
local 1689.6726 24 23 1 9 7 28 6 17 20 0 15 22 14 27 29 2 16 12 21 4 13 10 8 19 3 18 11 5 25 
local 1684.394 1 3 23 26 28 15 27 8 29 24 0 16 13 9 25 18 14 17 11 10 20 6 22 7 19 2 21 12 5 
local 1611.4714 19 10 8 3 11 12 21 22 16 28 0 9 1 4 29 7 25 23 17 15 6 18 26 20 5 2 24 27 13 
local 1743.516 10 28 4 5 6 25 29 8 23 14 7 17 18 11 2 15 9 22 24 3 21 20 1 26 13 12 0 19 27 
local 1621.3424 26 23 6 17 11 18 8 14 0 28 2 22 7 19 1 10 4 5 15 9 16 3 25 21 29 27 12 13 20 
local 1522.0218 23 11 27 21 28 14 13 8 6 26 25 17 15 1 4 12 29 20 0 7 22 24 9 3 10 16 5 2 19 
local 1711.0922 8 9 7 5 27 29 16 23 1 17 10 20 3 0 2 11 24 21 26 4 14 19 18 13 25 6 12 15 28 
local 1409.1514 28 23 25 5 17 4 19 2 20 9 18 7 11 13 24 15 21 10 27 16 3 26 1 8 29 6 0 22 12 
local 1543.3113 21 11 23 5 10 0 18 2 20 3 28 14 27 24 22 19 29 16 9 15 8 4 26 1 7 17 25 12 6 
local 1609.429 26 24 4 3 27 17 0 15 21 5 19 13 25 23 16 8 20 22 28 6 11 29 7 1 14 2 18 12 10 
local 1601.5511 0 1 18 4 19 26 15 27 2 8 21 13 3 17 10 23 16 20 25 9 14 28 22 24 7 29 6 12 5 
local 1801.5813 24 18 11 22 17 29 21 28 12 9 10 3 7 20 19 14 27 4 2 6 0 1 15 16 8 25 5 23 26 
local 1593.3519 3 28 4 15 18 20 25 13 8 27 24 11 29 17 22 16 5 2 10 0 23 14 6 9 1 7 26 12 21 
local 1694.123 21 8 29 24 2 14 6 1 5 15 17 11 16 12 20 0 18 26 25 28 19 23 10 9 7 22 27 13 4 
local 1674.4816 19 20 21 4 23 14 8 13 5 18 22 1 24 9 27 17 2 6 10 12 11 25 29 15 7 0 28 26 3 
local 1857.2325 7 20 12 3 10 6 5 19 22 14 0 17 16 4 1 26 27 9 2 29 23 21 24 28 18 13 8 11 15 
local 1308.7914 23 2 5 10 8 6 21 13 17 1 15 4 7 24 27 3 28 19 26 22 29 11 9 18 25 16 0 20 12 
local 1570.2614 4 18 17 12 28 3 6 22 25 11 0 5 20 8 15 24 16 21 9 7 10 19 26 29 13 23 1 27 2 
local 1460.0528 1 4 2 10 0 3 23 7 24 19 18 25 17 9 20 27 5 8 14 22 26 16 13 15 11 21 6 29 12 
local 1641.115 1 29 7 9 24 3 21 17 11 5 12 0 26 6 13 8 16 4 27 22 28 2 25 10 20 23 14 19 18 
local 1628.857 17 18 25 11 0 16 4 12 27 24 14 6 13 10 26 28 21 23 9 5 20 8 15 2 19 1 22 29 3 
local 1450.180 8 2 7 19 20 22 15 27 23 17 25 3 16 28 5 4 26 24 21 29 12 14 18 9 1 6 13 10 11 
local 1584.329 13 3 10 28 1 22 11 16 5 23 24 18 29 4 7 6 14 17 12 8 20 2 0 21 27 19 26 25 15 
local 1722.261 8 18 6 23 5 12 24 0 17 22 13 3 27 16 20 7 4 19 21 14 10 29 2 9 28 25 15 26 11 
local 1760.6713 27 11 6 19 12 9 16 22 15 25 17 4 20 21 28 10 2 23 26 24 29 0 3 8 5 7 14 18 1 
local 1355.824 7 5 19 24 17 21 14 18 11 0 2 16 3 29 1 15 25 23 12 26 28 27 9 20 6 10 13 22 8 
local 1574.5226 28 13 27 5 11 24 6 10 0 15 22 12 17 18 19 14 20 23 4 21 1 7 8 3 29 2 9 16 25 
local 1718.128 3 16 24 1 29 27 26 2 20 15 22 10 6 28 25 18 0 5 4 21 11 12 19 14 9 23 13 17 7 
local 1544.9821 7 24 20 18 12 6 11 25 28 5 29 1 26 23 10 8 16 27 4 9 14 0 2 3 19 17 13 15 22 
local 1372.3814 15 21 6 8 28 17 16 9 11 5 27 0 20 29 10 13 26 4 2 18 3 19 22 23 25 12 24 1 7 
local 1503.960 27 2 8 12 20 3 25 14 24 19 9 21 13 11 17 5 4 1 16 28 26 23 29 10 18 7 22 6 15 
local 1701.1922 8 6 2 16 3 10 0 21 26 17 1 23 13 11 25 19 4 29 12 7 14 24 20 5 15 9 18 28 27 
local 1626.3817 5 1 10 24 25 16 11 26 6 29 7 19 14 12 27 21 4 28 23 13 22 18 8 3 15 2 9 0 20 
local 1532.0123 18 22 29 7 17 8 25 24 6 20 12 27 28 4 14 11 0 16 1 21 19 15 13 5 10 3 2 26 9 
local 1507.3623 14 16 27 7 17 5 8 22 10 15 29 20 9 0 12 25 21 19 2 11 24 1 6 13 28 3 4 18 26 
local 1761.9820 6 15 28 22 14 19 27 12 21 24 8 10 16 5 18 9 4 0 7 2 17 11 13 23 26 3 25 1 29 
local 1509.916 21 29 12 1 0 18 14 27 7 17 15 10 23 25 4 22 2 3 11 24 26 20 16 19 13 9 5 8 28 
local 1649.7719 0 14 27 15 20 18 23 28 26 10 7 17 25 29 11 16 1 2 5 3 12 9 6 4 13 8 21 24 22 
local 1787.2127 1 18 8 25 26 7 16 12 14 9 24 22 28 10 15 3 4 5 11 6 0 19 29 2 21 23 13 17 20 
local 1538.515 23 1 10 20 29 8 28 13 11 0 24 14 12 9 7 4 22 18 17 15 19 6 26 16 3 27 25 21 2 
local 1548.2314 18 1 12 28 29 3 11 15 19 9 25 10 7 23 16 5 24 17 4 0 27 2 6 21 26 20 8 13 22 
local 1562.6211 28 10 25 5 23 1 15 9 0 16 21 8 13 3 12 7 27 6 2 19 18 26 29 17 22 24 4 14 20 
local 1584.61 18 10 17 12 27 0 5 7 24 28 26 3 2 6 11 15 19 13 16 8 25 21 20 4 9 29 23 22 14 
local 1603.315 22 27 28 2 21 11 23 13 18 7 9 26 19 3 6 1 10 16 14 25 12 4 17 0 15 8 29 24 20 
local 1681.5625 6 28 10 27 29 21 23 18 0 16 2 3 11 4 14 8 7 1 9 22 15 26 12 5 19 17 20 24 13 
local 1629.978 12 3 7 14 4 9 1 19 28 21 13 25 17 16 18 23 27 0 2 20 26 15 10 29 5 22 6 11 24 
local 1708.4429 27 17 20 7 6 2 24 21 26 5 9 15 4 23 0 19 25 1 8 28 12 22 16 10 13 11 14 3 18 
local 1564.583 8 22 9 13 20 27 7 0 19 17 26 14 12 25 4 29 28 11 5 23 10 1 2 24 18 15 6 16 21 
local 1738.1725 23 4 18 9 11 12 13 16 26 21 8 14 5 0 19 27 1 28 3 7 24 10 22 2 29 6 15 20 17 
local 1569.7813 4 20 24 18 28 3 29 21 22 9 0 17 8 12 14 5 10 16 6 19 27 1 15 7 26 25 23 11 2 
local 1491.8811 22 12 26 28 23 25 2 13 15 27 21 16 24 29 1 8 4 17 9 14 20 0 10 18 3 6 5 7 19 
local 1624.322 16 26 5 14 3 21 6 28 0 24 19 8 29 17 20 25 10 1 11 12 22 18 7 13 23 15 9 4 27 
local 1593.4827 17 11 13 9 5 8 1 15 2 18 22 23 16 7 6 24 28 14 26 29 21 0 4 12 25 19 20 3 10 
local 1795.222 19 26 1 28 16 4 12 27 8 5 11 0 14 15 2 21 24 10 23 6 18 3 13 20 29 25 17 9 7 
local 1705.4317 16 5 24 0 27 13 15 14 3 20 21 8 22 7 10 1 9 25 2 19 23 29 18 6 28 12 11 4 26 
local 1624.112 27 21 18 25 19 24 9 23 28 11 20 14 1 15 22 10 5 29 7 26 13 17 8 3 0 16 12 6 4 
local 1728.589 7 13 5 24 28 27 17 29 25 4 14 15 18 3 19 16 2 1 10 21 6 20 22 23 0 12 11 26 8 
local 1523.2717 6 24 14 1 7 4 5 19 8 18 3 27 9 26 2 15 13 12 10 11 16 28 22 29 25 23 0 21 20 
local 1547.5614 17 6 10 27 0 12 11 13 9 26 7 4 16 23 21 1 19 5 22 3 25 15 20 28 2 18 29 8 24 
local 1734.479 17 11 22 7 16 23 21 10 29 12 8 28 14 24 15 25 18 1 3 0 4 13 27 26 6 5 19 2 20 
local 1632.6418 9 8 6 3 7 28 2 17 29 5 22 21 19 24 23 16 10 11 0 15 20 4 1 26 27 14 13 25 12 
local 1623.3618 5 12 3 4 29 22 8 15 2 25 0 9 27 10 23 24 16 13 14 21 6 19 7 1 26 11 20 28 17 
local 1505.5420 15 25 22 5 4 26 28 27 21 0 29 1 24 19 12 14 11 17 6 10 8 2 3 16 13 7 18 23 9 
local 1689.3412 14 5 11 17 27 9 7 0 29 3 6 26 13 18 2 8 4 28 1 20 10 21 25 19 16 24 15 23 22 
local 1878.3223 24 11 25 22 20 17 18 3 14 0 10 27 12 15 28 2 8 5 7 6 19 16 1 4 29 9 26 21 13 
local 1538.1211 1 10 8 27 16 17 25 29 6 23 13 3 28 20 9 19 12 22 2 5 21 0 18 4 15 14 24 7 26 
local 1504.850 7 3 23 22 28 27 24 9 15 6 26 17 14 25 13 12 2 10 29 4 11 5 20 19 1 21 18 8 16 
local 1764.8225 19 15 23 13 29 22 10 11 14 26 8 12 0 3 7 5 1 9 16 18 17 24 4 20 2 6 21 27 28 
local 1515.1718 21 23 5 16 20 28 25 22 4 17 8 9 27 15 1 6 13 10 26 0 2 12 7 24 29 19 14 3 11 
local 1684.7716 12 18 25 4 10 6 11 21 2 7 14 1 22 3 0 20 8 23 26 19 27 28 13 17 5 9 24 29 15 
local 1493.421 13 20 15 6 3 12 19 8 9 24 14 2 23 26 25 18 7 29 17 11 16 22 21 27 10 28 5 4 0 
local 1760.7220 4 15 21 23 22 19 3 16 18 28 25 24 5 11 1 12 9 7 27 17 14 26 8 2 10 0 13 29 6 
local 1485.1924 1 21 28 7 17 29 15 3 27 10 16 25 22 11 4 14 26 18 12 23 0 19 9 5 13 2 20 8 6 
local 1470.7829 4 3 14 1 28 27 22 6 11 19 13 7 20 26 17 15 18 25 2 8 0 24 10 21 12 23 5 9 16 
local 1633.983 19 26 14 17 21 0 10 23 9 1 28 15 5 2 22 12 18 20 4 25 24 27 6 11 16 29 8 7 13 
local 1710.019 15 1 13 8 28 26 5 21 23 4 22 7 20 14 19 18 16 3 12 27 25 29 11 10 6 24 0 2 17 
local 16886 5 23 3 17 7 27 24 21 14 13 18 2 10 1 0 8 25 28 22 15 12 4 19 29 11 9 20 26 16 
local 1538.813 10 22 0 26 8 27 18 11 7 9 5 16 4 17 15 2 29 3 28 20 14 6 25 23 24 19 21 12 1 
local 1847.3828 29 9 12 10 11 21 17 3 15 25 6 0 14 2 7 26 23 20 19 8 22 5 4 13 18 1 27 16 24 
local 1464.6710 16 22 9 28 14 0 11 7 2 24 1 21 13 25 29 6 26 18 5 27 4 12 17 19 20 23 8 3 15 
local 1720.7220 26 28 18 27 14 24 19 10 12 16 29 5 25 13 9 22 7 3 0 11 4 1 15 8 23 2 21 17 6 
local 1624.548 21 25 19 24 28 23 3 18 5 2 7 10 15 4 14 0 12 26 17 22 16 1 27 6 20 11 9 29 13 
local 1688.668 19 24 17 3 27 5 9 13 16 25 15 10 1 23 0 6 20 14 21 22 29 4 11 18 26 12 7 28 2 
local 1653.344 15 3 13 11 29 1 20 28 16 17 12 27 2 9 22 6 26 14 18 23 8 19 10 5 21 0 7 25 24 
local 1732.5316 6 20 14 28 11 10 23 21 3 1 13 27 4 8 17 18 7 2 25 29 26 5 12 0 22 9 19 24 15 
local 1796.5714 15 4 5 25 19 6 8 3 9 0 22 17 13 11 2 21 20 24 26 7 18 28 23 1 10 16 12 27 29 
local 1837.350 12 20 26 29 2 24 17 21 14 13 7 11 22 9 4 28 10 23 6 5 1 8 16 25 15 27 3 19 18 
local 1491.714 9 24 22 5 18 8 27 7 13 0 11 29 12 26 16 25 6 3 28 21 19 15 4 17 1 2 10 23 20 
local 1648.187 26 12 8 11 15 21 24 19 3 16 5 22 29 4 9 10 28 25 20 6 0 27 1 14 17 18 2 13 23 
local 1724.742 12 1 26 9 24 17 14 28 21 25 19 13 10 6 16 23 0 3 11 20 5 15 27 4 8 22 18 29 7 
local 1516.1217 6 27 15 19 13 7 8 1 9 16 25 14 4 12 20 28 11 3 0 5 26 24 29 22 21 18 10 23 2 
local 1328.3318 26 3 16 19 27 2 12 14 24 0 8 7 15 13 29 22 4 10 17 25 6 1 23 28 20 9 21 11 5 
local 1821.518 5 6 19 15 27 21 28 14 1 20 29 16 12 22 24 10 11 4 17 9 25 0 7 2 23 18 13 26 3 
local 1655.2925 11 28 10 15 29 8 4 5 23 7 20 21 2 16 27 3 1 26 22 6 0 12 24 9 14 18 17 13 19 
local 1651.6422 23 10 20 1 4 13 11 18 2 14 15 28 26 3 24 9 7 6 17 8 0 21 12 29 27 19 25 16 5 
local 1595.1320 21 25 6 5 28 0 9 3 22 14 15 11 12 23 1 4 29 26 17 7 24 13 27 16 19 2 8 10 18 
local 1610.8917 27 28 5 21 10 20 4 1 7 24 6 25 12 2 19 9 0 29 16 26 14 11 3 23 15 18 22 13 8 
local 1472.020 15 28 4 12 27 7 20 25 14 21 26 29 23 1 17 11 19 13 9 3 5 2 16 22 18 24 8 10 6 
local 1770.8225 11 4 1 14 13 5 9 28 0 7 15 3 8 20 21 12 29 16 17 18 24 22 6 10 27 26 19 2 23 
local 1563.253 9 4 5 22 28 19 13 17 12 21 16 15 29 8 26 1 25 14 18 10 27 0 11 24 20 6 7 2 23 
local 1828.2115 21 8 23 4 19 16 7 14 28 0 27 3 5 6 13 10 12 20 18 9 26 17 22 29 1 11 25 2 24 
local 1519.6325 24 8 14 6 23 15 13 2 19 10 27 1 20 0 22 11 21 12 4 16 28 5 18 9 17 7 29 3 26 
local 1593.4226 12 9 15 16 28 18 8 4 21 14 11 24 0 22 23 5 13 29 3 6 10 27 19 1 7 25 17 2 20 
local 1738.0829 25 24 18 28 11 2 19 23 22 15 14 4 20 26 12 27 3 1 10 9 21 8 16 7 13 0 6 17 5 
local 1655.2418 15 22 2 25 16 12 20 1 26 24 21 6 10 7 29 5 4 8 14 27 11 9 0 19 17 23 13 28 3 
local 1901.056 2 4 10 25 11 3 20 26 17 23 7 28 1 16 15 22 14 9 21 8 19 18 5 27 13 12 29 24 0 
local 1630.6327 20 29 2 9 13 16 26 12 23 25 8 19 4 0 3 5 7 24 10 18 22 11 17 6 21 14 15 1 28 
local 1531.5915 21 20 6 11 29 18 25 16 2 22 27 9 28 12 4 17 0 24 8 7 19 10 5 14 3 13 26 1 23 
local 1615.2419 11 14 3 21 10 6 16 9 27 25 4 28 1 24 12 26 17 0 15 8 20 22 29 5 2 13 18 7 23 
local 1522.065 11 15 28 4 21 17 7 8 27 14 1 20 13 3 12 2 0 9 6 29 18 24 10 16 26 19 22 23 25 
local 1641.3323 19 1 14 15 11 8 0 24 4 17 21 18 6 20 10 2 13 5 22 12 9 28 29 3 26 16 27 7 25 
local 1575.7720 24 29 23 18 14 26 1 21 27 11 7 2 9 6 17 8 3 15 28 10 0 25 4 13 19 16 22 5 12 
local 1559.7420 8 1 10 4 22 27 26 25 16 28 13 29 15 3 19 11 14 6 17 23 7 9 24 12 18 2 5 21 0 
local 1658.4328 4 26 23 0 27 14 17 21 2 29 10 12 5 9 20 6 24 22 8 1 19 16 15 7 3 13 25 11 18 
local 1779.2629 14 1 16 23 17 27 7 20 15 0 10 3 11 26 22 12 25 24 8 13 5 19 9 6 4 28 18 2 21 
local 1642.0815 7 11 20 5 0 29 22 17 19 3 26 27 25 9 8 24 18 1 12 23 13 6 10 16 4 21 14 28 2 
local 1517.5922 0 21 26 28 9 20 2 15 17 27 23 29 3 11 8 4 7 19 14 12 6 16 13 18 25 1 24 5 10 
local 1620.54 22 29 9 17 12 27 5 1 26 2 8 14 3 18 25 0 21 20 16 7 13 6 11 24 15 23 28 10 19 
local 1772.9718 6 10 20 1 9 25 27 8 29 12 13 16 23 15 0 7 2 19 5 11 24 26 3 21 4 14 28 22 17 
local 1676.6613 4 25 24 16 7 21 20 22 14 28 0 3 26 27 18 5 15 17 8 9 1 19 29 10 12 11 23 6 2 
local 1633.15 16 25 24 29 27 23 13 6 7 21 4 19 22 8 10 26 20 12 17 18 2 0 28 1 9 11 15 14 3 
local 1608.760 19 27 23 12 13 26 20 25 22 1 10 3 29 21 8 28 16 5 18 14 9 4 11 15 24 17 7 2 6 
local 1680.8410 22 27 25 17 5 8 15 7 26 18 16 28 14 19 6 0 29 21 13 2 3 24 23 11 12 4 20 9 1 
local 1728.2915 20 19 22 29 3 23 17 25 9 18 14 28 1 21 8 5 6 7 12 0 11 16 10 2 27 24 26 13 4 
local 1505.721 26 21 7 24 17 29 3 14 5 20 11 8 22 4 2 0 27 25 9 13 23 28 6 19 10 16 12 15 18 
local 1657.216 25 3 9 23 10 4 5 2 1 20 7 16 24 19 11 26 17 28 27 13 14 21 15 0 29 22 8 12 18 
local 1771.1929 10 20 11 16 13 18 14 5 15 6 21 8 24 28 17 3 19 2 7 23 25 27 0 9 12 1 26 4 22 
local 1910.716 18 9 17 0 27 1 26 12 2 21 3 15 28 8 19 22 11 24 25 13 20 14 10 7 5 4 23 29 16 
local 1412.130 20 10 19 12 8 18 5 15 25 6 28 4 21 13 24 14 22 11 27 26 29 3 23 16 17 7 1 9 2 
local 1555.825 16 0 2 29 24 18 20 6 9 25 15 17 7 1 4 27 13 14 12 11 19 3 26 28 22 21 23 8 10 
local 1850.8920 14 27 5 24 28 0 25 13 8 3 17 23 29 19 26 9 16 6 2 21 10 7 12 15 1 11 22 18 4 
local 1597.8519 8 29 6 15 18 3 24 17 27 22 14 23 16 7 9 4 13 21 28 20 5 26 1 25 11 2 12 10 0 
local 1660.9421 16 24 20 14 3 17 2 4 25 9 18 22 26 6 23 27 28 8 10 1 11 19 29 5 12 13 0 15 7 
local 1651.119 6 25 7 13 16 27 0 21 3 22 4 26 23 11 15 14 28 20 1 18 10 8 9 12 2 24 17 5 29 
local 163916 22 0 25 3 10 6 23 15 2 21 14 20 8 5 13 9 11 7 12 28 18 1 24 19 17 27 4 29 26 
local 1828.7720 6 14 7 16 28 1 23 25 21 29 0 11 4 13 22 3 18 2 8 9 10 15 26 17 12 5 24 27 19 
local 1695.8527 9 3 26 11 18 29 1 10 0 19 13 4 22 12 20 14 23 8 28 15 24 6 21 5 7 2 25 17 16 
local 1401.785 0 13 27 23 21 9 20 15 11 19 26 2 22 25 28 10 29 12 3 7 1 24 4 17 8 16 14 6 18 
local 1680.512 22 25 15 17 6 10 27 20 3 1 5 12 23 7 21 9 11 14 16 24 0 18 28 26 8 19 4 29 13 
local 1628.0514 3 18 20 5 21 7 26 19 22 11 16 4 17 1 6 25 10 28 15 2 27 12 9 0 24 13 23 29 8 
local 1785.796 22 1 0 4 9 7 28 8 25 12 16 15 3 20 13 26 23 2 11 21 24 5 17 18 19 29 14 27 10 
local 1311.415 11 21 8 24 20 27 7 19 25 26 3 9 28 0 29 2 5 16 10 22 12 14 17 13 18 23 4 6 1 
local 1505.8723 13 5 2 22 26 21 27 11 3 1 6 18 9 7 24 0 20 4 16 25 28 10 8 19 29 12 15 17 14 
local 1914.823 15 5 19 7 2 1 27 25 23 13 26 28 24 8 12 16 10 11 4 0 18 29 21 22 6 14 9 17 20 
local 1608.5518 27 6 9 23 17 12 16 2 25 13 1 8 15 24 26 22 20 28 4 0 7 21 3 29 19 11 5 14 10 
local 1684.8314 3 24 28 9 21 26 25 22 19 27 10 15 18 23 4 7 6 1 0 11 20 29 8 16 12 2 13 17 5 
local 1701.3715 5 26 24 23 21 13 8 4 7 16 20 2 1 29 17 27 19 14 10 9 12 6 22 18 3 28 11 0 25 
local 1690.7825 18 29 11 17 9 21 0 2 24 19 6 8 16 12 5 15 14 3 13 10 27 4 7 22 23 20 1 26 28 
local 1574.3920 26 0 27 29 15 22 6 14 12 16 8 25 4 3 7 23 5 2 13 28 18 17 11 9 24 19 10 1 21 
local 1809.890 22 7 23 17 8 11 6 19 16 15 27 9 4 10 21 12 24 3 29 2 13 26 1 25 20 18 14 28 5 
local 1636.8718 7 6 10 17 15 0 2 20 23 16 3 28 19 4 27 5 8 22 29 9 25 1 13 24 26 14 11 12 21 
local 1691.444 5 28 6 8 3 22 26 10 15 25 17 20 16 0 27 23 24 1 11 19 14 13 12 7 18 9 21 29 2 
local 1504.5613 27 5 19 4 6 2 22 20 29 25 10 18 11 16 14 9 8 21 0 26 23 3 12 17 1 24 15 28 7 
local 1783.754 24 5 21 20 18 23 29 26 1 0 15 17 3 7 16 14 27 8 25 19 6 2 12 10 22 28 11 9 13 
local 1467.483 25 6 2 4 10 19 5 1 27 17 24 12 18 11 0 16 8 28 20 29 21 13 9 26 14 7 15 23 22 
local 1514.6610 24 17 28 9 2 25 8 3 26 0 20 13 18 29 12 21 1 4 19 14 5 27 7 22 23 11 15 16 6 
local 1437.122 8 16 21 27 9 11 24 3 6 13 14 25 12 10 4 5 18 29 20 1 17 26 28 15 19 0 7 22 23 
local 1725.866 28 3 25 8 1 20 0 27 29 22 21 2 17 12 19 9 5 15 11 26 7 23 13 16 14 18 24 4 10 
local 1725.1211 21 7 10 15 18 16 17 9 24 25 22 13 2 27 3 5 14 29 1 23 12 20 8 4 6 0 28 19 26 
