local 2407.640 16 28 30 19 13 26 40 41 23 43 18 9 25 33 5 7 4 44 39 15 46 21 31 36 12 48 17 20 29 32 42 10 8 27 34 1 11 6 22 37 38 3 35 47 14 24 49 2 45 
local 2290.6433 39 20 38 31 34 44 48 11 0 8 12 18 2 45 47 3 46 9 41 13 14 43 26 4 19 35 16 25 22 23 30 5 7 6 1 28 40 49 10 29 36 17 37 27 15 42 24 32 21 
local 2915.9918 34 43 39 28 37 7 21 22 49 32 29 10 46 8 11 36 6 14 4 47 42 0 26 30 27 35 16 45 12 20 40 41 13 24 48 9 2 23 44 25 19 33 17 38 15 1 3 31 5 
local 2635.0632 30 14 49 12 18 17 29 6 10 7 40 45 2 24 15 25 1 33 22 9 4 47 39 42 41 38 35 46 11 23 20 5 26 13 37 19 0 44 21 36 16 34 27 31 48 8 43 28 3 
local 2777.6944 2 43 28 27 45 22 13 9 14 40 10 4 24 38 20 16 19 31 7 5 3 39 11 12 47 42 15 49 32 1 48 6 29 26 18 8 34 33 23 35 0 25 30 37 17 21 36 41 46 
local 2827.940 1 37 15 12 4 42 41 10 23 13 22 47 43 2 25 20 21 8 46 35 34 5 7 11 19 44 3 32 27 48 33 30 24 9 14 17 49 38 31 6 29 16 39 36 45 26 28 40 18 
local 2696.3848 26 35 18 29 49 17 15 5 16 2 21 32 45 24 9 30 37 13 6 23 19 12 27 33 22 28 47 31 10 41 44 0 40 46 25 20 36 34 1 11 14 43 3 42 7 4 38 39 8 
local 2813.98 31 2 5 43 27 36 25 7 18 21 16 40 28 30 10 38 12 32 9 48 37 26 13 39 22 3 35 46 24 20 49 23 42 45 0 1 47 34 29 14 11 44 4 6 41 17 19 33 15 
local 2563.4342 14 30 7 21 41 13 37 44 6 9 12 19 5 4 34 40 36 25 49 35 43 38 28 17 3 46 15 11 45 26 24 0 47 16 20 1 27 33 48 22 8 39 29 2 10 32 23 18 31 
local 2705.173 13 27 28 30 22 38 32 29 18 15 49 0 35 48 33 37 6 23 21 24 34 9 43 11 7 45 47 44 36 19 12 16 46 20 26 40 5 1 10 4 17 2 14 42 39 31 41 8 25 
local 2977.158 36 13 18 28 34 25 32 4 5 19 30 43 20 10 21 47 24 48 35 7 26 42 40 14 44 22 33 38 0 31 6 45 39 11 12 2 23 41 1 29 37 27 16 15 46 9 49 17 3 
local 2529.2418 49 44 19 6 32 23 30 8 25 43 3 39 46 15 20 16 26 40 38 33 24 12 45 4 22 14 48 27 29 10 7 36 47 2 0 1 42 13 9 11 21 5 31 41 35 17 34 28 37 
local 2727.7222 21 27 34 32 13 18 15 9 45 49 5 47 35 6 42 16 2 29 40 38 43 3 4 30 23 20 48 33 11 36 37 31 28 12 8 1 14 39 44 10 26 0 25 19 24 7 41 46 17 
local 2641.0610 28 21 23 8 48 14 16 33 32 7 40 26 49 22 47 11 9 39 31 12 27 44 46 41 19 15 24 25 45 20 35 37 38 34 18 4 17 0 2 13 3 5 42 43 1 36 29 30 6 
local 2841.545 34 47 36 44 23 28 7 21 8 30 19 11 25 10 17 4 1 49 22 14 41 13 46 37 18 27 0 45 31 3 6 32 26 15 39 9 20 35 12 48 42 40 16 29 33 2 38 43 24 
local 2948.342 18 38 30 40 28 9 16 14 10 24 8 37 49 5 3 13 36 15 11 17 42 45 23 27 43 41 48 21 1 19 29 31 26 44 47 35 4 39 34 12 46 25 7 22 0 6 32 20 33 
local 2596.951 11 31 39 35 44 45 12 18 25 8 42 30 0 27 46 7 23 43 41 17 10 38 47 3 29 49 5 19 2 6 14 22 26 15 20 37 4 36 48 13 32 16 24 9 34 33 40 21 28 
local 27884 31 30 47 17 38 49 43 29 6 26 23 12 2 0 7 40 19 13 5 18 9 20 21 34 15 35 46 10 25 27 1 37 41 45 11 28 32 8 33 36 3 42 48 22 39 24 16 44 14 
local 2708.7644 17 46 24 2 35 29 13 26 9 12 19 43 11 30 37 4 28 25 6 34 15 10 38 23 41 1 48 18 47 33 20 31 36 40 39 45 16 0 7 32 21 3 42 8 49 14 27 5 22 
local 2198.9534 31 15 23 6 27 25 48 28 35 22 12 36 4 43 9 14 3 24 7 40 5 44 8 47 0 13 20 26 38 39 37 16 11 45 41 29 46 10 21 2 33 18 17 32 1 30 42 49 19 
local 2484.9320 48 14 25 43 1 33 22 9 18 3 38 46 39 11 0 16 42 27 35 17 30 36 37 15 40 44 10 23 45 2 29 5 49 32 6 8 34 28 12 19 26 7 4 21 41 47 31 24 13 
local 284913 31 29 11 7 42 28 32 25 39 24 22 21 0 34 16 10 23 18 40 43 46 47 1 35 30 4 38 6 9 14 26 3 20 12 37 45 17 44 36 49 15 33 41 27 19 2 48 5 8 
local 2853.9917 46 25 41 33 36 20 38 49 29 18 5 21 40 10 26 27 15 19 39 44 47 7 0 45 24 16 4 42 32 2 3 23 8 11 48 9 14 43 13 34 30 31 35 6 1 28 12 37 22 
local 2751.3814 16 39 1 23 4 33 29 41 38 40 28 47 19 7 27 6 3 44 24 15 17 9 43 37 11 2 30 0 34 18 13 5 31 25 42 45 20 36 35 49 48 8 46 12 32 22 26 21 10 
local 2678.0714 21 2 15 49 4 30 6 44 0 3 23 10 40 38 39 27 29 11 46 26 17 22 35 20 33 31 7 8 41 48 32 37 24 42 1 28 13 16 12 36 19 9 25 18 43 5 34 45 47 
local 2623.9140 31 2 49 23 10 18 37 13 3 25 30 27 47 19 38 8 17 12 39 43 26 29 9 46 34 0 16 45 11 7 36 32 48 1 24 15 5 33 41 6 20 4 14 28 21 22 42 35 44 
local 2350.7928 19 49 43 25 30 31 35 46 34 2 10 27 6 48 11 16 13 9 1 42 24 7 4 47 15 39 37 29 33 26 44 38 8 45 41 0 22 3 32 36 12 14 40 23 18 5 21 17 20 
local 2669.9410 22 13 36 8 15 3 20 39 35 40 44 43 19 17 23 11 38 0 28 42 14 12 25 47 37 49 33 16 41 4 34 30 7 26 27 32 1 48 46 45 24 6 29 9 31 21 18 5 2 
local 2822.6612 25 34 41 31 18 35 49 43 33 15 39 20 8 19 38 45 23 11 0 42 13 7 3 21 29 4 14 32 48 44 5 40 17 28 47 30 37 46 2 10 9 26 6 24 36 27 16 22 1 
local 2475.076 24 36 43 10 21 42 28 38 30 22 39 16 0 1 8 17 12 35 47 33 18 31 20 29 27 25 23 26 48 9 46 3 34 19 32 15 13 41 44 14 45 11 7 2 37 5 49 4 40 
local 2807.3220 17 6 28 32 14 41 24 8 7 9 2 3 46 45 33 29 36 26 19 11 21 27 37 1 0 13 30 23 25 47 34 4 42 40 16 22 43 10 44 38 18 35 12 31 39 5 49 15 48 
local 2793.8649 23 46 34 17 1 3 8 42 6 11 5 0 2 24 41 30 27 35 13 7 39 15 31 28 43 20 48 9 12 29 40 47 19 45 36 25 32 33 16 38 21 4 10 18 22 44 14 26 37 
local 2842.1640 6 3 49 35 1 10 27 38 34 12 24 9 26 21 33 18 39 11 16 43 15 41 4 48 17 8 28 37 29 32 42 14 45 0 23 19 44 47 25 31 13 46 20 22 2 5 7 36 30 
local 2758.3822 36 29 42 41 45 9 32 25 49 5 15 43 10 30 37 34 39 23 38 1 18 40 47 27 11 33 12 24 13 6 48 8 35 0 3 14 31 28 19 16 7 26 4 21 44 46 20 17 2 
local 2741.828 36 42 38 33 34 30 26 47 46 35 6 43 31 20 14 45 5 1 22 7 25 3 41 49 21 0 28 29 19 39 18 16 44 15 13 4 40 24 11 17 48 23 32 12 27 9 10 37 2 
local 2660.860 32 40 48 46 37 45 4 33 28 34 17 7 38 25 3 43 6 35 26 16 12 8 30 41 49 21 31 9 11 15 22 24 14 47 19 27 2 29 18 5 39 36 10 23 44 20 13 42 1 
local 2631.2341 3 43 30 16 11 0 1 44 24 48 39 15 21 47 32 33 8 5 6 22 20 49 12 18 2 7 38 19 13 17 26 45 42 36 40 4 34 28 46 10 35 25 29 37 27 9 23 14 31 
local 248015 23 49 39 25 17 24 19 47 34 27 32 21 38 18 11 2 22 12 20 5 13 16 6 46 30 7 42 31 0 33 35 10 28 48 4 45 9 29 3 14 43 26 37 36 1 41 40 8 44 
local 2696.981 49 45 37 40 6 13 21 43 32 16 26 48 18 7 28 36 23 24 4 8 31 10 29 9 39 15 5 14 11 3 17 25 27 38 41 19 35 47 20 46 12 34 22 0 30 42 2 44 33 
local 2975.2943 39 9 4 49 36 11 42 30 21 8 20 1 26 28 14 16 24 18 40 6 32 37 46 44 38 33 41 45 31 15 19 47 34 22 48 7 29 23 13 0 35 10 25 27 5 17 3 12 2 
local 2841.3228 32 38 36 2 6 29 35 17 49 0 1 18 37 48 46 12 3 5 4 10 24 33 21 11 40 42 44 47 34 23 22 25 45 41 20 26 30 16 43 14 39 8 7 27 31 13 15 9 19 
local 2480.846 36 26 25 23 14 45 21 31 4 19 27 9 34 43 30 22 10 15 0 12 40 16 29 28 24 32 1 8 35 11 7 33 13 20 38 17 37 5 48 2 39 49 3 42 6 47 44 41 18 
local 2589.524 17 13 16 37 22 31 39 44 48 32 19 20 10 30 28 0 35 3 25 42 12 2 49 6 45 15 23 29 5 7 36 4 1 46 38 43 33 21 18 9 14 34 8 41 11 40 27 26 47 
local 2463.8120 39 44 1 47 6 45 27 49 34 42 46 35 24 36 32 40 14 16 23 31 41 4 11 9 13 5 48 3 38 2 25 17 19 29 30 0 18 26 7 28 15 37 10 33 22 21 12 8 43 
local 2599.5517 34 43 2 25 36 8 46 13 19 14 0 9 29 47 44 31 10 48 3 16 5 45 18 22 35 40 37 49 12 7 26 15 23 21 38 42 24 28 1 41 4 39 6 33 30 27 32 20 11 
local 2753.8616 8 12 23 42 10 9 41 19 26 20 46 44 39 29 25 31 49 7 48 36 21 18 14 0 4 6 11 3 30 33 13 5 43 34 32 17 27 2 37 40 45 24 47 1 38 35 28 22 15 
local 2756.030 22 40 24 2 33 18 49 21 10 44 47 42 12 32 28 30 48 25 6 8 3 46 9 14 1 11 17 23 13 15 45 29 39 35 26 19 41 43 38 34 36 16 37 31 27 7 5 4 20 
local 2412.828 48 1 13 19 14 2 21 33 17 39 8 10 38 42 45 27 34 0 4 15 49 30 9 46 29 25 23 5 3 31 22 12 47 6 36 11 32 40 20 37 16 24 7 26 35 41 44 18 43 
local 2676.6535 9 41 27 14 26 34 47 3 2 5 20 23 16 36 49 44 11 21 33 13 8 12 46 10 31 1 24 15 28 32 22 38 37 7 40 42 17 48 25 6 18 0 29 39 30 4 19 43 45 
local 2534.317 42 32 39 22 29 36 4 21 44 33 19 27 40 37 6 0 45 14 2 38 11 1 43 47 35 49 34 26 18 46 23 5 8 3 17 15 25 20 41 28 10 12 9 48 31 24 13 30 16 
local 2819.7938 44 31 34 7 6 32 24 0 17 13 2 20 36 18 46 47 48 39 1 41 28 23 40 22 21 14 30 42 10 9 16 15 35 25 45 33 49 3 12 37 26 8 43 19 11 27 5 4 29 
local 2942.330 45 3 38 49 6 16 27 32 9 31 24 26 15 46 2 47 36 8 37 34 1 35 7 25 42 5 22 18 13 30 10 11 14 12 41 19 39 21 28 17 20 23 33 40 48 43 29 4 44 
local 2736.617 30 39 32 35 2 12 34 9 4 29 42 46 49 20 19 6 17 13 40 25 21 23 11 1 18 10 24 8 26 3 36 27 44 45 28 47 22 48 38 33 43 14 41 5 31 16 15 37 0 
local 2776.2943 11 39 20 35 42 13 15 0 33 49 48 32 1 3 34 27 37 5 24 45 36 17 38 6 21 18 31 14 26 30 41 7 8 22 25 9 4 29 2 16 47 12 44 23 46 10 28 19 40 
local 2904.5317 36 6 10 11 29 20 22 23 26 12 21 38 37 1 18 24 9 14 39 5 35 19 48 31 44 7 47 43 28 41 40 3 13 46 25 34 8 30 33 2 16 27 42 32 15 4 45 0 49 
local 2501.4317 6 24 3 7 47 15 20 14 10 43 36 12 9 8 2 34 38 26 42 23 11 48 22 19 33 31 37 21 13 18 40 1 44 35 30 0 39 29 32 4 5 41 16 49 27 45 46 28 25 
local 2706.384 8 48 27 30 9 3 42 47 0 45 22 14 28 49 17 26 39 18 13 19 29 21 2 31 16 46 35 20 6 24 43 12 44 5 1 37 11 32 34 7 41 33 10 23 36 25 15 38 40 
local 2455.054 13 10 45 35 8 39 33 49 46 48 7 19 30 16 43 38 5 22 12 0 24 23 1 18 29 14 47 37 28 21 15 26 17 41 44 42 6 11 2 3 34 9 27 25 31 40 32 20 36 
local 2438.19 44 14 36 41 2 47 21 23 17 46 11 27 24 42 3 19 12 10 15 5 0 34 40 20 33 4 7 31 1 29 16 26 35 38 18 48 8 37 25 43 49 13 28 39 32 6 22 30 45 
local 2915.9816 44 1 33 24 17 32 31 36 12 29 41 22 10 4 3 15 48 7 13 23 21 14 49 40 46 45 27 37 30 9 18 38 26 2 6 28 34 43 5 8 35 39 20 19 47 0 25 42 11 
local 2782.2229 6 34 30 8 39 42 24 16 2 17 19 27 18 0 26 48 32 12 40 13 36 25 35 14 15 10 1 46 22 28 37 3 49 11 41 23 21 45 44 7 43 20 38 4 5 31 33 9 47 
local 2699.8148 27 25 45 44 0 24 7 19 12 17 31 43 23 47 16 39 34 41 11 33 42 1 37 22 26 3 49 36 5 18 9 2 38 21 4 29 20 46 40 14 15 8 6 35 32 10 28 30 13 
local 2305.9636 47 32 24 37 18 30 28 13 45 2 49 11 3 25 48 12 4 42 0 41 44 8 34 6 38 31 26 5 16 35 1 7 10 39 15 14 21 17 23 40 33 20 19 22 46 29 43 27 9 
local 2585.7116 47 36 40 15 25 22 10 20 12 7 41 37 9 31 3 39 11 44 48 42 2 38 1 19 27 23 49 18 4 43 30 32 14 17 5 45 24 21 34 28 26 8 33 46 0 29 35 6 13 
local 2822.536 23 49 27 36 11 18 20 22 40 35 31 3 30 5 4 10 15 1 9 34 8 0 37 26 14 39 21 17 19 2 47 24 29 42 48 28 13 46 38 41 25 45 44 33 16 7 43 32 12 
local 2588.5810 7 22 14 4 44 24 2 6 38 33 27 5 1 18 30 28 21 46 45 23 3 40 36 8 13 31 26 15 17 34 35 16 0 9 47 48 41 12 32 25 37 29 43 19 42 20 11 49 39 
local 2756.1642 38 37 35 10 41 17 5 25 23 27 47 24 3 6 11 1 45 49 9 13 48 46 34 8 28 44 29 26 30 36 12 7 15 31 19 40 39 4 16 18 32 14 0 43 2 22 20 21 33 
local 2747.5229 8 38 31 13 39 23 36 27 41 9 26 42 18 30 7 5 20 22 15 14 44 49 37 6 2 10 0 43 3 48 11 19 25 1 17 45 16 4 21 35 40 24 46 12 33 34 47 32 28 
local 2672.1432 1 9 5 13 17 38 35 20 25 4 18 0 41 45 39 44 46 12 29 43 10 42 28 14 16 23 30 49 22 33 27 37 6 26 15 24 36 31 47 40 8 34 11 2 48 3 7 21 19 
local 2653.770 29 25 7 14 16 5 28 40 22 21 1 9 18 8 27 36 46 32 35 45 24 33 38 42 2 30 41 44 48 47 26 15 4 12 6 37 23 10 19 3 11 34 31 39 20 49 13 43 17 
local 2490.2848 18 28 42 43 3 35 11 5 36 45 33 31 49 44 15 37 30 32 22 23 17 27 12 20 6 41 24 9 47 46 4 13 21 29 8 1 34 2 7 40 14 16 25 39 26 38 0 10 19 
local 2687.6732 17 39 24 16 28 3 42 22 18 41 8 34 0 44 38 15 47 40 2 45 5 6 27 46 36 9 20 21 49 14 48 26 25 1 19 11 10 37 7 43 29 31 12 35 13 33 4 30 23 
local 2627.045 33 32 47 34 31 3 22 36 24 46 0 48 38 41 44 16 26 4 19 10 15 14 9 17 21 25 43 7 45 42 28 30 49 29 1 40 37 2 13 8 12 35 23 20 39 18 11 6 27 
local 2787.5833 30 23 6 37 16 48 9 3 39 18 25 35 38 22 49 11 47 32 20 8 13 17 45 46 41 15 44 19 26 12 27 4 0 24 5 7 34 10 31 42 28 29 2 21 36 14 1 40 43 
local 2667.2735 22 11 25 24 40 42 12 47 18 41 37 39 26 36 17 1 44 49 20 16 33 4 27 38 14 8 48 29 10 13 9 32 28 5 3 45 6 23 15 21 0 34 46 43 30 2 7 19 31 
local 3014.5719 36 37 18 49 27 14 44 39 45 38 13 23 7 15 32 16 1 12 30 9 43 2 17 6 0 24 47 10 34 4 11 40 20 5 22 26 28 21 33 46 3 42 29 35 48 41 8 31 25 
local 2609.6114 5 46 47 15 37 10 33 6 26 12 49 8 41 24 17 44 11 40 36 9 3 7 25 27 2 22 39 18 0 31 45 19 35 34 29 43 32 23 16 42 13 4 21 48 28 38 1 20 30 
local 2378.721 37 23 4 26 10 12 5 14 33 22 40 7 2 19 20 43 17 3 28 31 45 32 36 46 24 25 11 47 0 49 44 48 18 39 21 15 27 42 41 35 9 29 8 30 16 6 13 34 38 
local 2695.5714 24 11 35 10 29 39 21 46 40 27 6 0 20 16 12 18 43 15 32 38 49 31 37 2 25 23 13 42 7 19 22 5 47 48 8 28 17 33 44 4 3 30 45 9 26 1 34 36 41 
local 2605.2415 22 11 8 13 2 48 43 41 37 12 9 14 34 24 40 26 27 20 46 49 23 30 47 19 42 21 3 18 6 10 31 1 44 28 0 5 17 16 45 4 36 29 7 39 32 25 35 38 33 
local 2669.8743 36 32 49 30 16 10 12 37 31 14 24 13 45 7 38 41 25 3 19 23 48 46 35 44 17 33 0 42 11 9 39 26 6 28 27 1 8 18 40 34 21 5 20 15 29 47 4 22 2 
local 2658.585 35 6 25 30 20 7 9 23 32 43 49 14 21 15 17 22 40 41 3 27 1 31 16 45 29 4 28 0 47 8 26 48 33 12 37 2 44 36 11 10 13 19 39 18 38 24 34 46 42 
local 2847.8719 37 13 24 4 27 18 35 1 39 20 31 42 7 41 25 34 43 36 47 9 38 29 5 49 28 21 10 14 23 48 12 40 15 11 32 3 0 6 2 30 26 33 17 22 45 44 8 46 16 
local 2775.552 11 22 37 31 48 25 29 40 16 32 47 19 15 13 3 44 46 28 1 6 10 20 35 4 18 43 14 7 24 17 30 0 33 45 39 23 12 8 5 42 34 21 38 36 27 49 26 9 41 
local 2796.2127 13 32 41 5 48 43 10 0 28 26 34 14 30 1 9 3 17 24 29 21 15 33 2 23 46 6 39 22 19 47 25 31 18 37 36 4 49 7 45 35 42 20 38 40 11 44 16 12 8 
local 2582.390 37 27 3 29 2 10 43 17 28 15 11 13 40 45 48 9 46 18 49 41 7 4 24 6 21 30 23 19 25 39 38 26 12 42 31 1 33 47 5 44 8 36 34 14 20 35 32 16 22 
local 2853.6345 10 12 19 28 49 23 36 4 32 46 14 20 33 47 8 34 48 39 44 7 30 17 24 25 26 0 5 15 43 16 27 37 38 31 22 35 29 42 3 6 41 40 21 1 13 9 2 18 11 
local 3080.2740 44 38 9 28 16 4 3 20 39 46 36 34 5 27 42 10 18 32 7 12 45 26 30 1 47 11 49 21 24 15 6 37 48 31 33 41 0 2 22 35 17 29 43 25 23 13 14 19 8 
local 2822.29 11 18 4 34 20 43 29 45 38 39 21 22 19 15 46 48 30 41 2 17 31 3 7 37 10 28 40 12 6 44 33 13 32 26 36 14 0 35 16 5 49 25 42 27 47 8 23 1 24 
local 2617.1525 20 1 19 18 32 33 22 17 41 27 5 34 39 42 44 14 31 47 35 6 9 8 43 0 30 2 38 7 40 23 48 12 4 15 16 13 49 36 29 3 28 24 46 21 10 37 45 11 26 
local 2795.3915 44 41 6 4 46 26 10 21 33 45 28 0 39 36 19 17 24 30 7 22 1 49 8 35 42 11 5 14 38 37 29 18 25 34 43 47 2 48 40 31 27 9 12 16 20 13 32 3 23 
local 2424.756 12 39 38 7 29 42 43 23 3 27 41 34 24 2 32 48 37 47 8 13 19 21 36 1 33 20 45 22 28 16 31 17 5 49 44 4 9 26 18 46 11 15 25 40 14 30 0 35 10 
local 2829.3844 35 34 47 12 26 7 11 0 41 40 19 43 37 48 38 1 36 39 6 23 9 28 49 8 22 2 5 21 25 16 13 31 17 32 10 20 15 46 45 14 18 4 30 29 27 42 3 33 24 
local 2722.4527 32 33 35 5 38 21 9 18 36 26 34 10 4 3 44 19 25 2 1 31 17 8 46 40 14 47 24 43 23 12 6 28 39 22 13 7 20 15 45 42 30 37 0 11 16 48 49 29 41 
local 2666.7146 14 8 1 39 32 7 40 12 0 29 41 2 16 23 19 17 37 26 31 6 27 20 13 11 9 35 48 30 42 18 21 44 45 22 3 49 47 36 33 5 10 25 24 4 38 28 15 34 43 
local 2798.854 9 46 22 27 7 31 30 19 32 26 16 28 1 48 2 21 29 0 37 14 11 24 3 5 20 23 43 18 44 39 38 45 8 17 40 47 25 12 34 42 15 36 33 35 6 41 10 49 13 
local 2455.9525 1 48 10 13 39 7 34 26 4 38 9 20 42 30 41 18 17 5 43 8 19 49 32 27 46 47 37 23 3 35 15 11 12 29 36 31 16 40 2 33 28 44 21 6 24 22 45 14 0 
local 2722.7721 0 38 24 3 4 11 1 49 19 6 7 13 18 35 36 39 29 46 40 30 42 27 17 47 34 31 44 9 25 8 48 45 15 23 41 43 12 28 10 33 22 16 32 20 37 26 5 2 14 
local 2744.6833 34 18 48 46 0 25 45 43 4 20 16 2 9 47 35 1 36 29 13 21 28 38 26 8 6 32 44 10 37 42 5 23 14 17 40 27 24 39 41 11 30 49 22 12 3 7 15 19 31 
local 2961.2223 45 18 9 32 17 12 24 34 21 41 25 28 30 31 1 38 19 14 39 8 47 29 43 27 2 7 0 35 33 4 6 20 26 46 42 15 10 22 40 3 44 37 36 49 11 16 13 48 5 
local 2672.5630 39 37 18 24 1 12 44 45 21 8 47 27 46 15 23 42 16 22 10 28 38 3 0 31 32 14 25 9 36 33 11 20 2 43 49 19 17 34 29 26 41 13 48 6 35 5 40 7 4 
local 2670.9112 29 10 43 46 36 14 0 48 30 17 2 26 21 39 11 37 24 3 32 41 27 44 40 38 19 7 31 45 8 25 49 13 4 18 9 28 5 47 15 1 34 20 22 23 6 16 33 35 42 
local 2966.0324 25 34 8 12 46 27 1 10 13 47 44 16 29 3 14 6 40 11 0 43 39 38 2 23 28 15 49 35 21 30 48 32 36 9 18 37 26 41 33 7 19 5 20 22 45 17 42 4 31 
local 2429.8841 30 13 46 0 25 19 39 23 29 40 21 17 18 1 16 8 7 37 45 14 36 12 15 35 4 31 26 49 11 24 32 38 20 9 2 22 48 10 43 6 42 34 27 33 28 47 3 5 44 
local 2559.2849 3 21 8 2 42 22 33 43 24 9 16 5 30 46 35 25 36 14 41 1 38 12 0 27 37 28 45 44 26 40 32 47 48 10 34 31 20 17 4 19 39 15 7 11 13 23 6 18 29 
local 2705.2139 24 26 45 10 27 2 4 35 11 20 48 30 18 8 28 0 15 7 38 9 32 17 5 47 44 37 43 6 31 23 34 40 49 3 21 12 13 14 29 1 41 19 25 36 46 42 22 16 33 
local 2665.520 10 14 15 9 16 33 24 18 39 19 38 49 25 37 5 34 27 46 26 31 17 30 4 42 36 2 48 12 3 11 7 22 1 41 32 13 8 47 45 6 40 23 28 29 21 20 43 35 44 
local 2781.420 34 17 36 49 29 8 14 48 12 41 37 31 6 47 20 1 15 4 5 7 21 38 28 45 46 27 3 32 16 19 44 42 13 30 35 23 24 25 9 26 2 39 18 22 10 43 33 11 40 
local 2742.279 39 1 16 33 49 0 46 18 14 5 38 3 12 37 7 27 30 20 29 44 25 19 36 41 10 34 47 32 2 22 42 31 17 21 26 4 23 24 8 6 13 45 48 11 28 35 43 15 40 
local 2536.9917 34 14 40 1 22 29 46 8 9 24 47 5 44 15 3 48 28 20 12 6 37 36 23 42 19 35 45 11 33 18 0 10 49 43 2 32 31 13 27 26 7 38 41 4 30 16 39 21 25 
local 2633.3147 40 17 0 16 1 39 14 44 37 5 32 29 9 12 24 46 22 6 34 25 42 3 48 2 41 31 43 33 38 27 7 4 18 23 26 21 30 36 19 45 11 15 13 20 35 28 49 8 10 
local 2729.6242 10 48 16 44 49 35 38 27 41 23 47 22 46 43 45 21 33 28 36 18 40 19 3 11 8 37 31 13 0 6 7 17 30 1 34 26 32 4 5 15 29 24 12 25 20 2 39 14 9 
local 2637.692 28 21 1 47 19 9 32 13 30 48 46 7 36 18 16 12 42 38 44 31 5 26 41 39 49 15 17 11 33 4 25 29 6 24 8 34 10 27 43 23 35 22 0 3 37 20 14 45 40 
local 2815.3619 40 9 7 36 37 49 44 39 15 22 45 18 12 0 28 17 14 48 1 11 43 24 38 29 31 32 33 4 46 41 2 34 25 20 8 47 21 13 23 27 3 30 42 10 6 26 35 16 5 
local 2609.6623 6 33 40 30 47 39 49 34 35 8 16 22 4 21 20 46 31 45 2 32 41 11 18 12 13 25 37 15 42 27 0 38 5 48 24 19 3 26 29 10 17 44 36 7 43 28 1 14 9 
local 2695.6745 47 44 34 39 20 9 12 16 49 13 32 2 8 28 15 37 10 1 0 41 3 18 6 29 21 5 40 42 30 22 25 4 11 24 17 19 36 48 23 33 46 7 35 43 14 26 38 31 27 
local 2658.9621 29 31 11 15 6 33 44 7 36 46 14 37 9 5 20 22 39 12 41 42 17 10 0 48 13 24 32 47 28 25 2 4 34 35 16 19 8 30 43 26 38 23 3 40 49 45 18 1 27 
local 2617.9628 26 8 40 27 45 19 22 6 38 30 32 16 33 18 4 17 36 37 41 42 29 49 31 46 43 12 3 24 39 23 48 44 25 47 13 0 9 1 7 15 5 35 10 11 34 2 14 21 20 
local 2727.7331 37 40 9 42 27 10 5 45 30 22 19 7 16 4 48 47 0 49 14 11 26 21 17 13 32 6 28 29 39 33 44 43 25 3 36 2 34 35 23 8 20 15 38 12 1 46 24 18 41 
local 2827.2720 8 42 0 38 33 32 15 2 41 36 24 9 40 47 19 35 11 10 25 34 37 26 30 14 3 6 31 5 29 46 27 17 18 43 12 21 39 7 1 23 45 16 13 48 22 4 49 28 44 
local 2628.3815 29 18 36 10 25 38 34 12 48 0 14 47 4 3 13 40 19 20 27 9 22 31 39 33 23 37 30 1 6 42 11 21 35 24 32 2 28 17 49 43 46 41 45 8 44 26 16 7 5 
local 2660.7919 12 42 48 22 26 14 29 23 44 34 16 5 13 15 3 39 18 28 24 43 31 4 45 20 11 41 25 9 1 33 30 27 21 49 40 7 37 36 47 46 8 6 32 17 38 10 35 0 2 
local 2780.7125 47 11 34 20 6 16 1 49 38 13 39 29 24 31 23 2 44 10 27 32 3 0 14 37 7 12 19 4 8 15 26 46 33 9 22 28 18 48 21 40 30 41 45 5 36 17 35 43 42 
local 2902.1238 41 19 1 36 33 27 6 40 2 4 35 44 12 17 47 34 37 25 22 11 10 26 28 9 45 3 14 39 49 7 31 30 21 48 24 42 15 29 43 46 20 0 5 8 18 13 23 16 32 
local 2522.9715 1 40 38 30 47 32 12 6 28 10 20 14 2 39 48 46 41 11 9 16 44 4 25 42 24 19 3 45 49 34 17 18 8 0 22 7 13 29 5 35 33 26 37 31 27 43 36 21 23 
local 2418.6941 3 1 38 30 40 48 14 26 6 24 9 8 28 22 23 20 43 2 7 18 0 17 25 36 5 11 45 42 10 37 13 29 47 35 21 12 33 4 46 16 19 32 27 44 49 39 34 15 31 
local 2908.6228 20 30 41 5 14 6 4 34 26 13 19 10 33 38 11 25 0 31 39 15 40 44 22 7 29 1 2 3 9 18 24 43 21 35 17 16 23 27 36 47 42 45 12 48 37 46 32 49 8 
local 2996.7631 47 4 48 27 28 33 16 25 24 37 15 30 38 41 39 34 10 12 6 1 43 14 13 21 23 40 29 35 45 19 22 42 36 18 44 9 7 3 49 8 0 20 11 5 32 17 26 46 2 
local 2775.62 14 38 28 12 5 8 39 11 32 24 25 29 0 26 19 22 17 18 13 49 10 23 34 21 48 47 42 1 31 7 33 27 40 46 37 35 15 45 16 3 20 44 30 41 9 43 6 4 36 
local 2862.516 32 43 22 27 34 3 14 36 9 29 47 19 1 2 31 30 20 24 18 8 15 42 35 44 23 11 46 48 5 17 40 21 39 37 49 26 25 45 4 38 33 10 41 12 7 13 16 28 0 
local 2619.3137 26 49 2 17 14 13 36 11 33 18 4 40 6 32 8 46 42 0 27 24 9 39 23 41 45 35 20 47 7 25 1 22 38 3 30 28 5 16 29 44 12 10 31 34 43 19 48 15 21 
local 2770.2820 2 12 40 1 7 25 47 39 44 13 45 37 6 23 21 4 9 43 26 48 49 29 32 30 31 41 16 14 35 11 19 0 34 22 27 46 18 3 8 28 42 10 24 33 38 15 5 36 17 
local 2682.5417 27 37 14 46 22 3 15 6 34 38 5 33 13 40 48 36 41 19 10 0 45 4 2 28 23 26 31 35 11 43 7 1 30 32 8 29 12 39 24 25 49 18 9 42 44 47 16 21 20 
local 2697.0746 36 26 18 23 8 31 17 43 9 21 37 44 35 42 47 40 13 32 15 14 34 5 27 41 16 29 24 22 20 7 2 6 28 33 39 38 10 0 3 30 1 48 4 19 49 45 12 25 11 
local 2824.2339 11 37 22 32 19 42 18 28 20 5 46 13 45 47 24 16 3 29 49 15 35 23 33 31 10 21 40 48 36 2 4 14 17 7 6 26 1 34 38 43 8 0 30 25 41 9 27 12 44 
local 2610.3926 9 34 22 47 16 14 37 2 19 11 5 44 46 31 21 3 32 24 38 48 40 45 15 13 42 28 1 25 10 39 23 33 8 4 43 36 7 12 30 0 18 27 35 17 20 6 41 49 29 
local 2715.7133 21 40 9 17 0 32 35 10 7 8 26 37 45 49 36 41 31 12 27 25 4 30 18 24 14 47 15 23 39 1 5 34 13 38 48 16 6 20 22 44 43 3 42 2 11 46 28 29 19 
local 2877.0511 2 47 48 40 8 35 4 23 45 15 42 29 24 37 1 25 13 3 38 27 46 32 28 31 6 41 44 39 5 36 16 0 49 17 12 30 18 9 7 26 20 10 21 34 14 19 22 33 43 
local 2506.43 20 19 43 13 40 26 1 47 33 41 27 15 5 21 18 35 37 4 7 2 9 11 10 25 44 36 14 49 42 23 34 48 12 0 39 17 6 38 16 31 8 29 45 24 46 28 32 30 22 
local 2644.2627 29 15 48 4 22 12 24 42 47 35 44 13 31 34 46 30 25 28 8 32 17 23 26 21 3 36 6 18 16 41 14 19 0 9 37 45 11 33 2 20 40 43 38 39 49 7 5 10 1 
local 2950.5526 47 13 12 27 32 20 49 30 1 40 31 16 43 23 41 38 18 19 10 45 11 48 8 35 7 28 24 25 2 4 17 15 22 36 9 14 21 46 42 0 6 5 44 29 34 3 37 33 39 
local 2757.5237 38 16 33 39 0 20 14 28 12 18 6 46 41 8 5 26 35 13 34 1 24 23 43 49 15 48 3 42 11 22 44 47 17 27 21 31 29 36 9 7 40 30 25 32 10 19 4 45 2 
local 2485.7611 21 15 34 39 43 4 29 14 7 33 46 47 16 37 22 36 38 0 8 41 3 42 2 12 31 35 28 48 32 23 18 20 19 26 44 27 13 17 5 40 45 49 6 25 30 1 10 9 24 
local 2774.2527 42 47 31 8 12 38 15 26 10 49 6 44 34 11 23 39 30 32 36 45 3 24 21 13 33 25 29 48 20 0 35 7 28 40 41 18 9 19 37 14 5 1 4 17 2 46 16 22 43 
local 2585.726 15 5 7 36 46 30 19 26 16 32 22 3 49 20 42 1 37 38 4 23 9 43 18 27 14 34 44 25 35 40 24 12 2 8 11 21 17 41 13 10 48 47 45 31 33 29 28 0 39 
local 2883.9244 30 11 4 0 19 17 2 27 47 43 42 20 28 6 41 29 26 5 34 21 45 7 35 22 37 46 18 40 23 3 9 8 16 32 14 24 33 15 48 39 1 38 25 10 49 13 31 36 12 
local 2609.8810 1 36 40 29 30 46 38 47 25 48 15 3 13 17 41 34 2 18 22 49 45 44 7 0 31 19 39 43 42 35 16 24 12 6 32 8 23 21 5 4 11 28 14 27 33 20 26 37 9 
local 2889.4230 25 37 36 41 1 17 32 23 43 38 31 12 2 29 48 16 13 47 8 4 19 3 18 6 5 45 34 24 28 27 7 33 14 46 39 10 44 15 9 0 26 49 22 11 20 21 35 40 42 
local 2855.5433 5 6 23 32 10 36 43 4 26 46 37 49 48 22 9 30 44 25 40 7 3 34 39 45 13 38 17 19 28 15 14 29 42 41 11 21 47 1 0 24 35 31 27 8 12 18 20 16 2 
local 2642.0430 42 23 45 2 43 10 40 0 41 31 38 16 3 25 18 11 35 29 44 39 6 34 4 9 8 26 36 15 47 13 24 48 21 19 32 46 37 20 17 28 7 1 49 14 22 33 12 27 5 
local 2654.049 19 24 46 4 35 26 8 0 3 18 12 30 14 7 27 15 29 44 25 48 40 31 45 49 32 5 23 1 41 16 43 22 21 33 39 37 13 47 42 28 11 17 38 36 6 10 20 34 2 
local 2649.446 22 39 46 10 18 35 8 30 23 37 42 48 41 33 27 45 11 4 3 21 40 49 19 43 29 34 5 38 9 2 28 31 0 17 16 26 36 32 20 25 24 13 44 15 12 1 7 47 14 
local 2578.4446 8 49 9 45 18 17 4 40 7 22 36 42 10 48 30 32 15 16 24 14 19 0 43 20 47 34 37 41 13 2 6 5 25 29 1 26 44 12 28 21 39 11 35 27 23 33 3 31 38 
local 2566.8548 24 23 25 37 27 44 7 31 21 0 49 9 11 43 33 16 39 36 1 47 34 10 13 4 22 42 30 12 14 40 35 19 29 28 41 2 45 26 6 32 3 18 20 46 5 8 15 17 38 
local 2797.1818 27 45 5 7 49 47 14 15 29 39 10 38 2 6 21 36 12 28 31 13 40 3 44 11 26 4 35 19 17 22 48 25 42 8 1 46 23 20 9 41 32 30 37 34 16 33 43 24 0 
local 2446.2348 31 7 39 17 37 10 21 15 4 6 34 38 36 18 8 27 33 5 40 12 26 30 19 2 29 45 47 28 49 32 9 13 43 35 20 16 22 3 25 1 44 46 23 41 24 11 0 42 14 
local 2670.6622 7 42 40 25 10 34 31 36 18 46 17 37 43 45 23 4 19 11 29 41 2 0 49 14 21 28 48 44 24 33 20 47 5 15 27 30 3 8 1 9 6 12 38 32 26 39 16 35 13 
local 2940.880 23 34 43 20 26 3 16 8 18 11 36 46 41 25 27 44 10 42 39 2 33 19 49 17 9 47 48 15 1 32 21 4 28 38 37 6 5 31 35 24 22 29 30 13 45 12 40 7 14 
local 2835.7720 15 46 5 19 3 14 49 21 9 40 28 24 16 25 42 7 17 2 43 35 10 39 1 13 23 4 37 45 29 38 34 48 8 41 11 6 26 27 32 0 31 36 30 22 47 44 18 33 12 
local 2792.861 43 35 10 40 27 48 8 20 26 31 12 18 32 36 30 41 42 38 0 5 28 19 46 37 16 7 13 22 6 34 23 33 14 45 11 3 2 24 47 15 4 44 39 25 9 29 21 49 17 
local 2620.0721 37 36 14 11 49 17 41 44 5 9 24 1 4 31 27 33 15 26 28 16 2 13 7 47 29 35 3 32 46 12 23 8 10 45 34 20 25 40 43 42 30 19 6 38 0 48 18 39 22 
local 2494.627 17 12 46 9 19 26 7 30 33 42 10 6 41 2 31 21 28 45 32 20 40 8 39 5 1 38 25 35 18 14 48 24 13 4 44 34 11 15 47 3 49 23 43 36 37 0 16 29 22 
local 2558.429 27 8 2 48 40 28 31 1 10 5 19 22 29 11 49 44 26 43 24 4 15 13 34 16 14 46 21 3 12 18 39 20 23 17 6 25 47 0 41 35 36 37 38 33 32 30 7 45 42 
local 2819.56 42 23 7 25 27 47 9 14 35 3 21 49 18 29 34 17 1 32 45 39 26 40 28 22 19 4 11 33 0 30 13 16 44 36 15 12 41 10 8 20 5 48 24 46 31 43 38 37 2 
local 2668.6339 21 28 40 13 29 43 44 46 32 0 7 5 49 34 20 15 35 36 24 10 26 45 27 33 18 47 16 41 23 42 19 8 6 31 17 14 48 3 1 38 30 2 12 9 22 11 37 25 4 
local 2512.1728 37 27 41 42 14 7 1 23 22 32 17 30 18 29 15 16 5 33 8 44 2 24 21 43 20 36 38 45 13 9 34 39 35 3 49 26 46 47 0 11 10 31 25 12 19 48 4 6 40 
local 2449.576 44 4 27 25 48 29 28 9 19 47 22 13 45 24 34 49 21 11 12 15 2 14 38 23 20 37 18 0 10 31 39 5 35 8 43 36 40 33 3 41 42 17 16 32 1 46 26 7 30 
local 2983.8223 41 6 30 36 45 17 46 22 1 12 10 0 2 48 4 27 32 19 16 8 42 5 35 37 26 3 47 40 11 21 25 13 43 18 9 29 31 34 15 44 20 38 14 7 28 39 24 49 33 
local 2911.5624 5 30 32 6 35 9 44 29 1 13 21 31 22 8 42 39 16 46 40 45 15 19 38 11 0 43 33 26 23 34 20 12 4 2 37 36 49 14 47 41 28 10 27 18 25 3 48 17 7 
local 2634.438 21 24 5 12 15 45 41 29 47 31 2 38 20 42 37 46 17 34 43 44 18 19 9 27 49 35 1 11 14 26 39 25 48 13 3 33 22 7 4 23 28 30 0 36 32 10 6 16 40 
local 2762.219 28 20 39 42 32 29 17 25 26 30 43 34 11 38 45 24 35 7 44 23 18 8 3 27 22 21 47 15 13 33 46 48 19 1 5 36 10 31 16 2 14 49 41 4 0 12 6 37 40 
local 2831.2231 46 9 13 39 27 17 24 16 40 6 45 12 19 38 42 0 7 47 32 11 25 23 3 20 26 34 2 43 35 4 22 1 48 37 10 18 36 8 44 33 5 28 29 21 14 41 49 30 15 
local 2683.4736 38 44 46 12 2 42 35 34 4 30 16 45 6 40 37 27 19 14 18 29 7 5 0 48 28 9 31 49 3 23 43 41 17 24 47 11 22 10 32 8 20 25 26 21 1 33 13 15 39 
local 2979.4922 28 49 12 48 34 32 46 21 30 29 40 45 25 7 8 4 23 3 5 11 14 20 47 2 35 42 26 19 6 36 1 18 24 17 27 43 13 0 33 16 38 37 31 10 44 39 9 15 41 
local 2966.951 37 10 38 28 2 16 6 29 23 21 45 22 12 18 8 14 35 32 48 42 33 3 36 15 39 27 31 13 46 20 17 26 0 30 41 43 9 44 24 5 40 49 11 7 34 4 47 19 25 
local 2865.1515 23 2 46 4 21 40 19 18 49 16 17 47 11 20 13 38 44 22 28 43 30 34 7 14 3 10 39 35 27 29 5 1 37 31 26 41 33 25 42 0 9 24 12 6 45 32 36 8 48 
local 2826.1838 0 19 36 12 8 48 2 18 33 37 7 29 16 30 35 21 44 5 41 24 17 25 11 40 1 43 49 46 13 20 15 10 23 27 3 34 47 28 45 39 26 22 32 14 42 6 31 4 9 
local 2683.995 42 9 8 4 15 30 14 40 45 24 39 13 25 36 10 16 37 46 22 48 23 43 41 33 32 28 20 19 35 17 18 1 49 6 12 47 34 0 7 3 2 29 21 38 31 11 27 44 26 
local 2392.6547 21 36 2 29 3 42 5 30 48 13 20 31 38 46 11 24 6 37 23 25 26 43 17 19 45 16 4 49 12 33 28 41 14 1 9 35 10 8 39 34 27 40 7 15 32 22 18 44 0 
local 2756.3231 28 38 15 36 18 47 44 11 5 34 35 20 43 45 9 3 7 46 37 0 41 27 30 8 2 4 19 29 17 14 42 33 22 6 23 25 10 49 21 13 32 40 1 24 26 12 48 39 16 
local 2942.9444 26 33 4 25 7 38 49 11 29 12 5 9 41 39 27 0 8 30 40 10 21 18 45 24 32 15 6 2 28 19 37 22 13 46 48 43 47 14 31 35 34 20 1 3 36 23 42 17 16 
local 2854.9216 7 49 39 12 45 18 36 22 4 43 23 1 38 3 42 40 29 37 30 28 10 44 32 15 6 47 25 14 26 11 24 41 46 34 35 2 33 13 31 9 21 20 19 5 8 27 48 17 0 
local 2529.9335 0 11 46 37 14 20 27 40 49 41 9 10 1 31 30 48 42 33 25 22 5 44 19 13 34 28 4 7 29 39 36 12 43 17 32 38 15 16 3 21 26 47 23 24 18 45 2 6 8 
local 2764.7340 31 20 17 1 21 29 36 38 26 25 32 41 46 0 4 28 35 33 39 6 47 15 24 2 16 5 45 23 43 8 30 14 13 7 11 22 3 44 37 10 48 34 19 12 42 9 49 18 27 
local 2900.2617 6 42 31 22 30 2 41 28 21 18 26 19 39 0 4 35 37 12 27 29 38 20 23 36 1 8 43 13 11 24 16 34 33 10 45 48 3 44 5 46 40 9 14 7 32 25 49 15 47 
local 2428.3322 25 35 34 29 15 31 10 23 0 16 39 27 45 49 44 1 46 12 36 48 37 4 21 32 6 38 43 18 28 30 14 26 3 17 7 8 41 13 33 9 20 24 42 47 11 19 40 5 2 
local 2696.8119 40 20 8 37 49 41 26 21 13 18 27 34 1 33 17 32 3 4 9 10 29 35 24 42 48 22 45 0 28 36 23 2 43 16 25 30 6 14 15 11 39 46 38 7 31 47 12 5 44 
local 2890.4641 3 2 16 23 14 7 0 32 37 6 26 38 9 1 20 17 15 10 5 46 36 47 28 33 8 21 29 39 44 48 13 19 25 45 24 4 18 42 40 22 11 43 34 30 49 27 35 31 12 
local 2485.7222 35 26 21 28 1 12 47 3 37 29 36 30 20 10 8 6 25 32 39 9 13 19 0 11 44 49 34 7 43 38 14 48 42 24 46 23 16 18 2 17 31 27 41 33 4 40 45 5 15 
local 2649.328 23 7 24 43 19 27 33 30 21 49 44 11 26 9 5 40 6 37 13 35 16 41 45 29 48 32 18 25 14 31 34 36 1 10 15 17 2 12 46 4 8 0 20 22 3 38 42 47 39 
local 2686.3930 34 2 21 42 0 27 49 31 36 46 17 10 32 3 40 35 47 14 41 48 28 8 12 25 6 13 39 16 19 29 44 11 7 38 5 23 24 15 37 22 43 4 45 9 18 33 20 1 26 
local 2948.622 26 27 25 28 8 29 1 20 0 33 45 3 4 11 49 30 23 46 15 31 14 43 19 47 16 24 37 12 10 7 44 18 34 42 6 9 5 32 41 35 21 40 13 36 39 48 38 17 2 
local 2550.793 5 44 17 25 43 49 19 13 23 10 41 45 47 30 38 29 12 11 32 9 40 15 1 18 31 22 46 0 37 27 6 33 21 35 26 48 16 7 39 2 28 36 20 4 24 42 34 14 8 
local 2692.368 27 43 36 40 24 16 35 42 34 3 6 38 33 15 19 28 47 39 49 31 37 41 7 46 25 12 0 10 26 2 20 21 30 14 32 17 9 4 18 44 11 5 22 13 29 48 45 1 23 
local 2504.9523 22 21 38 49 39 29 26 43 1 17 47 3 14 25 24 5 48 28 37 42 46 33 30 18 4 11 27 19 35 0 7 13 15 41 12 16 20 2 34 31 9 6 45 36 8 40 10 44 32 
local 2740.6747 33 10 17 36 37 11 27 48 5 24 41 46 3 13 31 25 45 35 1 43 9 29 12 39 21 23 38 42 26 32 14 15 18 34 6 19 0 20 2 4 28 49 8 40 22 7 30 16 44 
local 2886.1835 9 36 39 4 47 21 13 16 12 32 5 49 40 0 7 45 23 38 1 17 14 19 24 26 44 15 2 43 48 46 6 25 18 28 41 31 11 30 22 37 10 27 34 8 33 42 3 20 29 
local 3079.0633 10 15 20 22 41 39 2 26 18 45 42 7 12 9 30 37 0 19 13 34 29 36 8 5 6 38 23 16 32 1 47 48 4 44 28 40 49 17 27 43 46 35 31 3 14 24 25 11 21 
local 2921.8433 8 19 4 10 44 23 45 12 3 42 15 18 1 31 46 22 14 16 30 28 5 6 35 29 34 38 47 2 27 48 36 0 17 40 37 26 32 24 13 39 41 7 49 9 21 25 11 20 43 
local 2471.513 24 23 46 35 26 29 22 30 11 47 31 36 16 25 12 13 48 8 21 9 6 1 44 49 32 27 18 0 14 33 2 4 34 45 28 41 37 10 15 39 19 38 17 43 40 20 42 7 5 
local 2619.7220 18 27 45 5 2 24 13 16 21 23 29 46 12 0 49 28 15 8 43 1 40 35 31 34 39 22 4 36 19 38 26 32 41 3 33 44 17 42 9 47 7 30 25 37 6 14 11 48 10 
local 2562.669 41 1 18 15 7 27 10 16 3 0 34 39 22 46 6 29 45 24 40 49 21 12 19 36 33 30 43 4 5 28 31 20 44 47 37 23 42 8 2 32 25 17 14 38 13 35 11 48 26 
local 2608.7349 46 41 9 19 4 32 43 31 40 44 48 45 22 8 37 27 6 29 38 2 35 34 1 25 26 39 24 13 47 30 28 10 33 3 18 16 20 23 7 17 14 15 42 12 5 11 36 21 0 
local 2882.669 42 18 34 14 5 2 36 20 4 8 19 38 13 45 39 25 16 35 21 12 7 30 47 22 31 48 17 44 6 28 37 29 43 32 33 41 11 15 10 1 27 3 0 26 24 49 23 40 46 
local 2825.8731 48 30 32 46 35 2 29 21 33 17 39 1 10 45 27 0 13 25 6 20 14 5 15 18 36 4 34 12 49 47 37 43 44 19 28 11 38 9 22 40 16 41 3 24 8 26 42 23 7 
local 2646.9941 9 16 8 11 32 36 30 46 23 18 45 43 4 14 31 33 12 22 44 49 47 15 7 1 35 26 6 19 38 48 34 40 3 25 29 27 10 13 20 28 5 24 0 37 42 2 17 21 39 
local 2578.7637 18 35 34 8 11 12 14 21 1 23 38 45 40 25 7 15 17 10 47 13 39 27 4 28 30 0 49 36 41 46 6 2 44 19 9 33 5 24 20 31 22 32 43 3 42 26 16 48 29 
local 2939.7619 18 3 13 38 48 11 46 5 9 29 40 23 0 25 6 17 16 22 1 49 31 24 36 10 26 4 8 35 20 7 28 42 47 27 15 21 45 37 2 44 39 43 30 41 14 12 32 33 34 
local 2783.0730 32 23 2 7 35 44 15 33 11 4 38 47 1 10 5 19 14 9 46 39 0 34 27 21 41 24 29 43 17 37 3 8 16 6 49 36 18 48 22 13 45 31 40 12 28 25 26 20 42 
local 2805.746 11 19 48 34 13 9 18 45 43 41 35 28 24 7 40 23 12 42 20 0 25 17 33 22 49 30 39 36 10 26 38 1 8 27 5 37 21 6 3 44 47 2 14 31 15 29 4 32 16 
local 2542.8237 31 39 22 15 34 24 0 25 23 12 13 32 4 10 20 30 42 6 27 47 40 3 43 36 14 49 28 45 8 26 7 16 29 9 35 19 5 38 11 44 21 17 33 48 18 46 1 41 2 
local 2671.0947 14 34 24 45 4 32 2 20 6 28 27 35 13 5 43 48 39 37 42 9 31 12 46 49 41 3 10 15 0 40 19 1 18 44 7 11 17 26 23 33 25 22 21 36 30 29 16 38 8 
local 2597.934 3 17 45 12 21 16 23 10 8 0 47 1 6 32 2 14 30 48 35 19 25 9 34 46 44 22 28 5 49 37 18 26 7 27 40 15 42 11 24 13 41 36 43 39 31 29 20 33 38 
local 2496.7610 12 16 2 49 24 48 19 7 37 38 35 46 26 34 1 22 20 9 30 43 33 23 47 29 5 0 44 6 14 32 39 41 17 18 8 25 28 15 21 27 42 45 4 40 31 11 36 3 13 
local 2482.869 22 1 32 29 34 13 39 20 36 5 43 2 0 11 10 31 26 45 15 35 42 48 49 19 27 6 4 8 12 25 38 21 17 23 37 40 14 18 3 44 41 28 30 24 7 47 33 46 16 
local 2768.5632 27 12 11 49 29 20 39 37 42 30 16 31 34 26 1 41 25 24 22 36 10 17 21 8 35 43 47 40 7 18 4 9 48 2 46 13 44 5 33 0 6 19 38 45 3 28 14 15 23 
local 2692.1322 49 43 20 35 4 40 12 39 2 9 47 34 46 32 1 21 8 38 5 11 24 19 37 16 15 18 0 36 27 25 26 44 41 30 48 23 14 10 31 42 29 7 6 28 13 3 17 45 33 
local 2301.6417 47 3 43 31 0 22 41 34 23 4 9 2 24 37 8 42 35 14 15 20 5 19 10 49 1 46 30 48 11 38 27 13 39 18 28 32 29 16 7 40 26 36 6 12 44 21 45 33 25 
local 2867.2835 12 45 31 15 10 17 4 42 32 49 26 46 38 23 9 44 41 40 13 18 34 7 19 30 22 21 1 16 8 24 27 33 43 48 39 28 5 37 47 36 0 14 25 2 20 29 11 3 6 
local 2747.8610 42 44 5 26 49 2 47 13 15 35 8 17 4 41 23 43 22 11 9 14 19 30 25 29 34 27 3 48 16 6 7 1 37 36 33 31 38 28 0 12 20 40 46 45 24 39 21 32 18 
local 2618.399 23 5 28 17 22 34 43 27 46 3 35 39 0 4 6 38 18 1 24 2 29 49 20 12 41 13 42 15 21 16 26 11 33 30 8 7 47 14 19 32 36 44 40 37 31 45 25 48 10 
local 2807.7836 46 2 47 31 1 27 19 38 39 6 33 16 5 32 29 34 43 22 7 24 42 4 0 8 49 17 10 15 45 3 21 9 11 48 35 23 26 40 18 41 30 25 20 28 12 14 44 13 37 
local 2704.7143 42 36 5 0 34 23 39 46 27 21 35 3 28 22 9 30 48 29 19 1 11 47 17 13 15 20 45 8 25 12 49 41 16 37 40 44 18 6 31 4 33 10 38 32 7 2 14 26 24 
local 2767.2134 23 26 45 28 6 42 16 21 17 22 4 35 48 41 11 29 2 20 32 43 33 36 49 47 38 25 27 12 30 19 18 10 14 40 0 46 1 8 3 15 39 5 37 13 9 31 44 24 7 
local 3017.3115 28 42 37 1 47 34 44 12 40 11 18 17 41 7 27 33 13 46 5 49 23 45 35 30 19 20 43 25 8 3 9 14 4 16 39 6 2 10 0 38 26 32 48 24 36 29 21 22 31 
local 29679 36 11 7 29 6 18 32 4 22 33 20 27 17 45 31 35 15 23 44 47 12 43 8 41 37 10 40 25 39 38 19 21 24 2 30 46 5 14 49 34 48 28 1 0 42 3 13 26 16 
local 2346.6641 13 34 32 45 6 14 37 18 48 20 8 43 7 1 9 27 42 0 10 19 26 39 35 17 2 11 38 12 5 15 25 24 46 21 23 28 22 33 30 3 31 49 16 40 44 4 36 47 29 
local 2311.5233 36 39 47 0 41 40 4 3 10 48 14 29 12 16 49 44 24 46 15 21 37 28 11 45 42 13 2 27 25 1 7 34 5 32 38 9 17 30 19 22 18 8 20 23 35 43 26 6 31 
local 2711.6537 29 19 23 43 11 13 44 1 9 45 21 38 7 14 6 40 35 41 25 15 0 46 39 3 12 34 48 32 31 20 18 8 42 10 30 5 26 47 33 16 49 17 24 28 36 22 2 27 4 
local 2611.8431 30 41 17 23 32 27 42 34 44 9 49 6 21 12 16 10 38 33 0 8 4 7 40 47 29 24 46 19 45 18 36 22 43 37 14 35 15 39 11 5 1 3 26 28 2 20 13 25 48 
local 2529.5229 16 2 38 42 39 45 30 49 19 11 37 34 24 41 32 8 14 35 6 31 20 47 17 0 15 27 44 28 22 1 21 26 5 10 36 25 46 9 4 23 12 13 48 3 33 43 7 18 40 
local 2736.3232 48 6 33 7 23 35 34 45 27 46 4 14 22 39 43 42 10 12 31 37 24 9 1 20 41 17 44 40 29 0 38 47 19 13 18 11 15 8 5 3 28 26 21 25 30 16 49 36 2 
local 2601.8725 7 10 0 26 11 16 44 39 17 33 4 24 1 12 41 42 29 43 5 38 13 21 28 3 49 8 20 30 47 46 9 36 22 45 27 31 40 23 19 32 15 37 18 35 14 34 48 6 2 
local 2585.3913 24 9 43 31 34 3 37 4 38 18 21 27 40 11 10 25 0 2 39 15 35 19 41 45 44 36 30 28 29 17 5 32 1 26 33 42 23 20 46 12 6 47 16 22 7 49 48 8 14 
local 2833.948 44 33 25 10 15 31 23 28 14 42 16 35 5 6 22 43 9 19 1 30 27 26 13 38 18 48 45 12 11 2 49 20 29 37 47 34 36 24 46 4 39 7 41 40 32 21 0 17 3 
local 2451.7233 4 31 40 41 42 14 39 36 7 13 18 25 3 48 5 47 19 26 32 29 9 24 34 35 49 22 21 45 1 27 44 12 0 16 28 6 43 15 10 38 30 20 17 46 11 37 23 8 2 
local 2430.2827 20 6 34 42 2 12 0 7 13 30 11 22 46 47 45 33 10 32 43 5 40 29 28 36 9 41 8 49 15 38 25 35 44 1 31 37 14 16 19 3 18 4 17 23 48 24 21 39 26 
local 2686.78 37 43 39 26 42 34 38 30 1 2 44 41 9 4 45 13 47 22 27 6 28 36 17 31 33 32 25 0 29 3 20 5 48 21 12 35 7 24 23 46 14 49 40 18 11 15 19 10 16 
local 2570.2211 20 38 0 12 32 6 45 8 49 15 27 13 17 36 3 37 29 18 28 7 39 30 5 1 9 43 24 2 33 44 42 14 21 48 19 16 31 22 23 4 25 26 35 47 34 40 41 46 10 
local 2867.098 46 22 12 36 0 23 9 28 31 4 5 33 3 37 42 15 41 7 47 6 35 32 1 18 45 27 30 34 10 38 13 39 44 20 21 29 25 17 19 48 2 16 49 11 26 24 40 43 14 
local 2658.847 29 28 12 35 43 3 18 47 37 20 34 4 2 49 1 19 8 33 14 22 24 17 6 9 15 5 46 27 44 32 40 38 26 30 16 45 10 0 31 21 42 11 36 41 23 48 25 13 39 
local 2633.9237 14 12 36 8 16 30 6 20 4 18 48 9 41 24 42 17 1 7 43 39 35 31 28 38 25 47 19 45 10 21 26 49 32 0 46 40 2 3 11 22 33 44 13 23 29 27 5 34 15 
local 2958.030 40 43 14 9 20 16 29 35 44 10 1 28 46 7 18 42 37 41 30 19 25 47 31 11 5 2 23 33 27 36 17 48 32 6 13 4 15 38 22 45 26 49 8 12 34 3 39 24 21 
local 2778.0327 39 8 46 22 25 15 12 44 37 34 32 24 11 10 7 48 5 21 26 30 49 40 41 35 36 2 14 42 33 29 13 47 17 3 16 20 4 31 18 45 1 0 19 23 38 6 28 9 43 
local 2599.9521 1 5 42 12 37 8 28 3 34 0 32 25 29 2 44 20 22 49 41 26 40 31 23 16 9 15 36 24 27 39 46 38 19 10 7 6 4 33 35 48 11 13 45 30 18 17 14 43 47 
local 2552.9419 16 49 46 35 8 28 0 44 5 1 31 32 26 27 14 37 33 41 48 47 9 21 13 22 45 24 38 43 3 20 7 12 4 25 36 40 2 18 17 15 30 29 11 39 10 23 42 34 6 
local 3022.6435 36 27 37 32 45 14 46 43 48 3 41 15 2 23 7 12 25 47 6 20 0 9 5 13 31 39 21 30 40 1 19 26 8 22 29 38 34 16 44 18 4 11 42 10 49 17 33 24 28 
local 2577.2442 16 8 26 6 39 23 14 18 0 12 20 3 33 36 1 5 7 10 21 22 46 37 4 25 48 11 13 40 47 29 9 34 32 2 17 24 43 30 49 44 19 38 35 41 28 31 15 45 27 
local 2840.3322 38 39 26 1 41 17 18 11 45 48 43 24 7 16 33 5 2 23 8 19 31 9 42 12 3 15 34 36 27 29 20 37 13 25 21 4 0 32 28 49 10 6 35 46 40 44 47 30 14 
local 2527.880 16 2 21 47 4 39 32 18 6 23 27 36 7 20 3 42 8 10 12 30 49 24 34 38 11 48 33 5 31 1 28 29 37 17 15 43 9 46 40 45 44 35 13 19 26 25 22 41 14 
local 2759.0112 6 27 13 24 31 42 48 36 23 15 39 19 37 7 2 47 4 38 30 41 33 43 44 10 32 45 8 46 14 34 17 35 22 3 9 5 1 11 16 25 0 26 20 49 18 28 40 29 21 
local 2524.792 40 46 4 15 1 3 44 7 34 10 16 12 48 24 39 9 6 32 41 23 21 5 35 26 28 25 33 19 47 18 38 29 22 30 0 13 49 11 17 8 42 14 37 20 31 45 27 43 36 
local 2492.086 19 8 18 41 0 33 4 17 35 14 36 25 34 43 21 1 48 38 29 10 13 9 5 45 49 44 16 22 28 12 32 20 23 3 7 31 27 42 47 30 2 24 15 26 37 40 11 39 46 
local 2797.336 34 33 42 19 30 8 21 13 20 3 43 10 17 31 37 46 48 26 15 9 25 7 18 40 35 29 41 12 45 38 5 22 14 2 0 27 36 32 28 47 24 49 44 39 16 4 11 23 1 
local 2757.557 14 19 27 42 33 37 11 16 47 9 46 17 40 20 24 31 12 45 29 6 0 39 3 32 18 44 43 15 26 48 36 4 49 30 1 21 25 28 34 5 2 23 22 38 13 8 41 10 35 
local 2838.7435 23 7 42 33 18 39 47 19 8 14 5 11 32 16 25 48 44 43 49 4 31 26 29 1 40 24 46 37 2 10 36 9 45 34 15 17 21 3 6 12 20 28 38 27 30 41 0 13 22 
local 2832.8626 45 13 44 22 39 28 32 36 46 31 20 27 23 8 16 24 10 29 9 49 35 40 21 12 1 6 0 38 14 7 43 41 3 18 15 2 37 42 25 34 47 11 4 5 33 30 17 19 48 
local 2468.916 1 4 46 25 17 47 8 38 22 33 31 37 48 2 18 0 12 45 27 30 3 35 42 6 28 40 32 5 43 36 7 20 39 24 19 21 49 14 10 41 34 15 9 29 11 44 13 23 26 
local 2661.9623 6 30 45 1 19 7 39 29 47 8 38 0 4 43 26 49 11 31 15 46 37 48 44 10 33 17 25 35 16 41 12 27 28 21 24 13 9 2 40 14 42 36 22 20 18 32 34 5 3 
local 2674.5743 38 46 48 26 17 18 5 2 0 9 22 11 12 16 39 20 13 36 42 15 4 24 30 31 45 49 25 10 35 7 1 21 29 28 34 47 6 27 32 40 3 19 14 33 41 44 8 23 37 
local 2711.6125 24 20 22 1 31 13 49 32 14 33 3 18 45 0 11 48 47 16 21 27 37 12 5 17 19 6 10 7 29 42 15 26 36 46 4 30 23 38 34 39 41 44 40 35 28 43 2 8 9 
local 2750.3612 40 10 13 37 27 31 38 19 0 4 17 1 6 5 29 20 34 23 42 21 16 8 41 49 26 32 39 14 24 3 7 35 43 25 33 11 45 44 48 18 9 36 30 28 2 46 47 22 15 
local 2805.0239 4 44 14 42 34 40 1 15 17 41 19 10 16 6 0 11 25 8 45 32 20 33 24 26 2 36 47 22 46 9 29 7 28 31 48 38 13 30 3 35 49 18 37 12 21 27 5 23 43 
local 2925.1641 17 0 25 11 9 37 23 45 18 33 43 19 48 35 28 1 38 21 46 27 30 4 32 31 13 34 44 26 42 2 20 15 47 40 16 39 49 22 24 29 8 6 10 5 36 12 14 7 3 
local 2701.3549 30 24 33 29 25 23 19 44 46 0 34 4 20 35 37 16 38 3 32 43 10 7 31 1 11 13 47 42 14 8 36 26 28 9 6 40 18 27 17 2 45 5 39 12 22 41 21 15 48 
local 2435.2947 32 49 48 19 38 16 46 10 45 23 44 26 6 33 22 28 30 20 1 35 14 24 39 8 42 0 18 9 31 17 25 37 13 36 2 34 40 5 21 43 7 4 41 29 11 27 3 12 15 
local 2442.0210 12 22 15 1 30 46 19 32 48 29 9 38 11 37 24 27 23 39 28 47 41 14 6 16 8 26 3 34 33 0 25 13 31 18 21 36 5 35 49 17 42 45 44 2 43 7 20 40 4 
local 3005.4347 45 7 38 22 49 4 2 17 27 33 18 11 46 39 37 42 25 32 31 40 23 20 36 14 48 24 9 0 8 44 15 34 13 35 3 5 30 41 16 26 10 6 19 28 29 43 12 21 1 
local 2642.3125 17 7 3 48 11 0 34 28 38 46 8 36 13 20 26 12 39 41 45 42 9 32 2 1 16 21 27 5 43 30 18 19 40 6 37 44 29 23 15 47 31 22 35 10 33 24 4 14 49 
local 2744.995 10 40 6 46 30 2 42 41 43 23 12 22 21 7 29 45 18 16 20 14 38 15 3 37 34 0 33 4 48 31 25 44 27 9 24 28 26 32 17 1 19 49 13 39 11 35 47 36 8 
local 2855.6110 12 6 28 19 5 9 21 44 39 17 37 18 32 22 29 40 41 7 30 34 42 35 33 4 25 0 8 24 31 36 3 20 15 48 1 23 27 2 46 13 14 45 43 49 11 16 26 47 38 
local 2541.1847 32 1 10 48 39 41 19 16 34 5 15 30 2 18 11 49 12 4 26 44 45 40 37 21 13 29 23 33 28 24 6 35 0 9 42 31 36 22 8 25 14 46 27 20 17 43 7 3 38 
local 3006.2440 6 33 12 26 13 7 48 25 32 31 0 41 3 2 36 42 16 38 4 28 45 43 14 44 10 46 17 27 9 39 49 29 23 22 37 21 35 15 11 19 30 1 47 8 34 18 24 20 5 
local 2857.3110 36 16 47 6 5 35 20 44 15 42 18 23 14 11 25 19 32 31 28 13 38 37 22 49 17 43 34 3 39 48 41 26 12 21 45 8 29 9 24 2 27 40 0 30 33 4 1 46 7 
local 2479.5247 36 19 45 24 13 39 38 23 42 44 14 1 12 17 9 11 35 34 5 26 49 18 22 2 28 48 46 33 37 41 27 3 20 43 6 7 0 10 30 40 31 29 32 25 4 21 8 16 15 
local 2573.0628 47 36 44 20 25 14 18 16 42 46 3 38 9 13 4 12 30 1 49 45 0 17 31 8 7 37 10 33 32 29 2 41 43 24 6 34 15 39 22 19 40 27 35 11 23 48 21 5 26 
local 2638.4941 9 12 26 38 30 42 46 15 27 49 14 2 34 5 3 47 35 7 29 40 16 17 0 8 23 22 45 11 32 33 44 21 39 19 43 18 37 24 31 4 36 48 10 13 20 28 25 1 6 
local 2571.3840 32 36 4 44 8 28 35 16 49 12 17 23 14 25 22 33 45 48 43 6 39 15 10 11 27 7 1 9 3 47 24 42 26 46 29 0 30 34 2 31 38 41 13 5 20 18 19 21 37 
local 2959.8729 36 2 22 23 42 33 19 10 13 12 8 24 39 41 46 17 43 15 18 27 47 28 1 30 4 0 49 6 37 11 21 35 5 25 20 26 48 16 44 7 9 38 14 34 32 40 3 31 45 
local 2564.8641 0 29 7 18 49 19 33 15 20 8 1 17 48 44 5 42 21 40 36 35 43 10 3 47 30 28 31 13 12 34 9 46 27 32 22 45 24 11 23 39 4 16 14 2 38 25 26 6 37 
local 2608.4242 25 5 23 35 33 47 10 22 16 12 20 0 48 29 17 49 4 44 45 36 9 32 2 8 26 24 38 11 21 27 43 30 7 13 40 46 37 28 34 41 1 19 14 6 3 18 15 31 39 
local 2531.1712 6 33 32 48 20 47 25 22 29 0 3 24 13 19 46 36 35 11 7 30 38 5 39 37 23 4 2 18 17 15 44 14 26 21 10 16 34 49 27 28 1 9 45 31 41 8 43 42 40 
local 2852.932 34 10 46 7 31 13 25 39 9 40 24 36 45 3 18 21 37 26 48 49 15 42 4 33 47 30 44 16 8 38 29 6 28 27 19 23 20 35 5 1 41 43 12 11 14 0 17 2 22 
local 2503.0325 35 37 29 34 36 15 47 48 30 11 2 5 17 41 46 14 24 31 18 38 21 10 3 23 26 20 8 33 7 27 45 42 44 12 22 28 49 16 19 13 4 9 1 32 40 0 43 39 6 
local 2678.9536 7 3 34 10 24 2 42 48 0 15 14 20 5 22 29 27 12 39 26 35 28 9 30 11 23 21 8 1 17 19 16 43 44 41 38 31 49 4 6 45 40 25 32 46 13 18 47 33 37 
local 2372.9713 34 2 46 48 10 14 28 42 12 29 15 11 22 7 36 9 39 35 49 45 6 31 40 38 16 26 18 41 27 8 19 0 21 43 32 25 47 1 37 5 20 3 30 4 24 23 17 44 33 
local 2837.1720 34 26 30 49 25 43 29 23 6 37 17 0 7 41 13 40 22 3 42 27 33 38 48 14 35 2 5 10 15 36 19 47 21 9 44 28 39 8 46 18 11 4 45 16 12 24 32 1 31 
local 2534.639 31 15 34 42 0 6 48 5 10 47 17 25 1 29 36 44 2 37 28 21 30 26 39 27 13 11 20 16 18 3 24 41 46 33 43 38 8 49 12 19 32 40 45 22 35 14 23 4 7 
local 2839.9247 7 30 26 1 33 32 15 29 48 13 28 38 3 2 23 9 17 44 34 21 8 42 19 0 49 27 16 12 46 40 37 24 4 11 6 36 35 39 25 43 14 18 22 5 20 31 41 10 45 
local 2894.6423 40 28 48 35 39 44 1 36 2 16 45 38 24 8 13 25 11 30 42 4 34 10 12 41 47 43 31 18 49 21 46 7 26 6 20 33 3 32 19 5 22 37 17 0 27 14 15 9 29 
local 2578.9347 11 4 0 48 25 5 15 2 1 42 45 36 22 3 37 9 44 32 27 26 29 43 12 20 31 35 46 24 14 18 16 6 13 40 21 8 33 28 30 38 23 41 34 10 39 19 49 17 7 
local 2969.842 24 43 8 14 5 20 22 33 45 0 32 3 36 15 35 44 28 29 4 34 46 21 12 2 18 37 49 11 40 9 19 17 13 30 25 10 1 7 47 6 41 26 39 48 31 27 16 23 38 
local 2593.098 9 18 15 7 27 33 46 2 31 45 14 26 37 21 19 29 16 6 35 44 13 5 3 11 10 48 20 30 34 12 39 28 43 38 42 47 0 1 41 32 22 17 4 23 25 40 24 36 49 
local 2786.69 16 19 4 18 15 13 11 48 23 33 49 47 31 20 35 7 24 3 1 39 36 46 37 34 26 21 30 40 25 22 2 41 44 12 0 8 6 5 17 14 43 28 38 10 27 42 32 29 45 
local 2549.6418 22 30 27 12 26 8 42 44 1 40 2 16 6 39 36 37 15 31 32 49 25 5 20 28 13 9 14 0 33 48 46 19 41 29 17 4 45 47 38 35 34 11 10 3 7 21 24 23 43 
local 2802.4137 4 19 8 44 16 32 2 43 45 47 30 40 0 48 24 26 11 10 31 28 38 14 29 33 12 5 22 21 36 3 49 9 13 17 15 7 46 20 18 25 42 41 23 27 35 1 34 39 6 
local 2727.490 23 4 16 45 12 36 20 26 43 8 31 22 19 29 7 30 41 3 40 34 39 11 1 48 13 10 5 14 25 2 35 46 6 44 32 18 28 9 33 24 27 47 38 37 49 42 21 15 17 
local 2837.5425 16 11 5 43 32 41 35 33 4 1 29 20 0 30 44 7 37 40 23 22 28 9 17 34 38 48 27 49 42 36 15 12 47 26 18 19 39 46 31 2 10 45 14 13 24 21 8 3 6 
local 2399.4111 29 43 0 36 8 5 33 13 14 28 10 23 39 24 49 25 38 9 40 2 41 26 21 15 4 45 17 46 20 16 18 37 32 30 22 3 34 44 35 47 48 6 31 7 12 27 1 19 42 
local 2813.8718 47 8 43 32 31 25 10 46 24 23 7 44 0 17 6 35 48 41 45 38 9 22 36 27 3 33 16 19 40 2 28 49 29 39 12 42 4 1 34 37 30 5 13 11 26 20 15 21 14 
local 2654.7517 43 49 30 47 24 31 32 15 44 25 37 18 9 6 21 28 4 0 46 7 20 23 29 42 22 39 10 48 33 12 3 36 1 27 26 35 5 34 19 2 40 16 8 41 11 13 45 14 38 
local 2725.815 23 45 30 39 7 47 26 15 14 43 42 48 33 31 24 41 0 10 20 49 16 28 29 37 25 22 34 3 35 4 19 44 18 13 27 9 40 46 2 12 21 38 17 32 6 11 8 1 36 
local 2405.9444 27 19 30 38 10 20 43 2 14 1 4 46 47 48 25 26 36 41 18 22 29 12 17 6 31 28 33 7 15 11 0 21 5 49 34 24 16 40 42 9 8 23 3 37 45 32 39 35 13 
local 2442.9232 37 21 27 24 31 10 12 18 23 0 35 13 14 39 15 49 28 30 11 22 29 2 4 9 36 33 26 42 40 5 3 48 7 8 25 1 19 34 44 6 38 17 16 20 43 47 46 41 45 
local 2712.5118 24 6 10 3 40 23 47 7 14 22 41 5 9 2 27 29 15 42 33 39 16 13 26 48 46 11 12 4 17 19 8 20 25 1 0 43 45 35 49 21 38 36 28 30 31 34 44 32 37 
local 2547.4225 3 1 16 4 19 29 18 48 12 22 33 9 26 40 24 32 45 27 30 47 21 39 0 44 10 46 20 14 28 15 11 43 6 31 2 41 35 8 5 17 7 13 36 49 38 34 23 37 42 
local 2874.5236 12 19 25 22 47 6 7 29 5 26 3 1 38 8 20 39 44 31 35 48 23 13 9 0 40 45 27 17 4 14 37 42 34 43 33 49 28 10 15 16 24 21 41 2 46 30 32 18 11 
local 2561.5543 3 47 25 30 23 2 17 36 22 45 40 21 13 46 14 24 7 32 0 41 28 10 20 9 6 1 42 8 11 18 49 5 34 26 35 44 38 4 39 48 33 15 31 29 16 12 37 19 27 
local 2793.954 30 33 13 26 28 21 19 14 0 34 8 35 25 5 45 31 3 43 44 48 37 46 47 38 10 16 11 41 29 7 23 39 42 32 15 1 27 6 9 20 40 17 24 18 36 12 2 49 22 
local 2673.8730 21 5 16 11 6 17 13 29 32 28 25 2 49 46 19 12 7 45 34 4 9 31 24 33 42 39 26 8 43 27 38 14 0 18 1 15 10 23 3 22 37 36 40 41 44 35 48 47 20 
local 2803.2619 12 15 33 23 42 8 5 27 13 34 26 0 1 11 46 21 44 35 9 43 20 28 36 41 38 6 47 2 4 45 48 10 29 37 24 39 16 40 32 3 14 30 22 31 7 25 49 17 18 
local 2628.7617 32 18 21 14 46 29 37 30 34 3 9 19 39 0 15 45 27 2 5 12 41 7 33 40 11 1 26 4 16 43 28 20 44 24 49 25 36 31 10 38 8 35 42 48 23 6 47 22 13 
local 2403.5139 25 16 46 4 9 36 45 6 34 10 38 8 27 24 0 30 48 32 13 23 21 17 31 7 15 37 49 43 11 42 14 22 33 28 47 1 18 5 26 41 29 3 2 44 20 35 12 40 19 
local 2497.7115 1 14 32 12 39 41 49 42 21 8 25 6 17 30 35 3 9 36 2 43 11 37 48 16 34 24 44 19 18 10 31 38 33 28 5 7 45 27 13 29 23 46 40 22 4 26 20 0 47 
local 2636.0543 18 12 42 10 29 25 38 5 17 6 32 8 41 24 21 7 13 1 23 0 49 19 15 36 20 37 44 39 11 27 4 26 3 2 33 14 16 35 46 22 9 40 47 31 45 48 30 28 34 
local 2543.6648 23 38 10 40 17 29 8 36 5 25 18 46 1 35 4 20 19 34 22 15 43 26 44 0 30 12 3 37 39 42 28 13 31 45 9 33 47 32 2 49 7 11 21 24 14 6 16 41 27 
local 2568.6323 27 8 48 33 0 41 6 12 42 49 37 22 29 38 34 13 19 24 31 2 7 1 21 3 26 18 10 9 20 47 46 36 28 44 5 39 32 40 15 17 43 16 14 30 25 35 11 45 4 
local 2986.2243 48 11 47 33 32 25 12 42 40 13 29 10 18 2 36 41 30 20 16 49 44 28 46 5 27 26 14 17 45 3 39 31 24 37 6 15 9 23 22 1 21 4 34 38 19 7 8 0 35 
local 2589.0510 45 42 25 47 16 0 49 35 17 7 15 9 27 21 36 34 46 22 30 44 4 11 28 48 6 38 29 1 18 40 32 20 31 24 12 5 39 23 37 43 2 41 19 14 8 26 3 13 33 
local 2314.3347 17 11 33 43 7 5 39 21 42 20 0 14 3 38 44 4 9 6 19 49 27 12 23 2 32 34 41 13 25 45 8 22 18 15 31 16 26 37 10 35 24 40 46 30 28 29 48 1 36 
local 2754.750 40 48 8 11 5 29 35 46 47 22 36 39 4 10 9 14 42 30 18 37 45 12 24 31 49 38 43 41 34 1 32 2 44 17 7 6 20 25 19 23 33 3 16 13 15 21 27 28 26 
local 2816.3228 23 48 16 0 46 18 21 13 33 35 4 9 14 24 34 15 30 20 25 2 12 29 8 40 6 38 45 32 26 47 44 7 42 17 22 36 1 39 19 11 31 49 3 5 43 37 27 41 10 
local 2236.6118 46 3 0 39 16 38 49 27 41 28 33 43 45 2 23 12 29 34 20 5 15 17 25 42 10 35 48 13 24 26 40 31 4 30 6 21 11 14 44 1 36 37 7 19 32 47 8 22 9 
local 2548.6549 21 1 27 25 8 20 29 38 41 6 37 23 18 9 36 39 7 32 22 47 45 44 15 30 33 3 46 28 19 17 14 5 16 0 2 34 42 10 48 31 24 4 40 13 43 12 35 11 26 
local 2725.945 37 29 20 46 34 9 18 41 31 0 23 27 14 40 36 4 17 11 22 28 43 21 8 6 10 35 1 38 42 26 25 30 39 33 7 3 5 44 15 49 19 12 2 16 24 32 47 48 13 
local 2892.4713 1 26 27 31 5 45 43 40 9 36 4 19 20 37 24 39 8 7 25 49 12 44 35 0 14 17 2 48 42 28 10 47 6 23 41 16 33 21 34 32 18 29 11 22 46 15 3 38 30 
local 2526.8625 22 35 30 2 41 33 1 14 20 47 31 9 3 23 6 42 12 28 49 11 45 46 8 16 4 15 5 17 7 36 34 37 29 21 43 48 18 26 39 10 40 24 19 44 27 13 38 32 0 
local 2753.086 9 33 28 36 48 19 41 23 29 35 46 47 18 24 12 26 30 17 21 1 32 39 31 15 20 16 43 11 42 5 37 7 3 38 25 44 0 49 22 13 14 34 4 8 10 45 40 27 2 
local 2599.2647 35 10 4 48 3 6 16 44 40 26 31 49 1 25 24 45 8 14 11 19 42 29 46 9 30 20 23 38 7 13 37 33 41 28 43 15 21 36 18 0 34 2 5 27 22 32 39 17 12 
local 2387.5644 46 29 11 0 10 18 49 23 3 15 21 1 6 45 27 43 8 48 25 37 26 5 36 12 22 28 17 31 32 14 9 35 30 39 2 38 47 19 24 40 42 16 7 20 33 4 41 34 13 
local 2717.1734 49 38 3 23 24 2 20 43 37 26 5 25 22 12 27 33 18 7 46 1 14 41 21 47 32 28 10 15 29 11 31 48 19 4 30 9 35 6 17 39 42 40 45 44 16 0 13 36 8 
local 2906.0136 23 4 15 1 37 28 17 43 29 30 8 7 24 10 14 6 2 47 41 16 18 3 26 33 13 32 0 44 38 25 49 12 9 27 40 48 31 42 35 39 34 5 45 21 19 22 46 20 11 
local 2793.512 2 26 4 0 38 9 41 16 19 40 39 13 36 30 20 28 29 24 32 22 25 42 14 8 44 27 1 21 10 49 35 33 18 37 6 5 11 48 15 46 34 17 3 45 47 7 43 23 31 
local 2692.9420 15 48 34 37 7 44 21 41 16 33 36 32 6 31 42 49 14 45 17 24 23 28 27 1 35 8 43 2 19 12 18 3 11 13 29 0 22 40 38 10 5 4 30 9 47 46 39 26 25 
local 2714.9621 35 6 37 19 29 14 22 34 38 23 0 36 2 48 33 40 27 17 4 26 45 46 7 42 16 49 31 39 28 44 12 13 8 15 18 43 11 25 20 30 47 10 9 3 1 41 24 32 5 
local 2507.5223 33 32 26 30 36 4 5 7 48 1 27 10 41 42 19 20 13 15 49 40 6 21 45 46 8 31 43 9 38 2 14 34 16 37 28 44 25 17 3 22 29 12 35 11 0 24 47 18 39 
local 2345.1331 26 33 3 47 18 21 35 25 40 30 23 44 34 42 39 28 38 37 20 5 16 4 45 29 24 49 1 8 9 27 48 6 22 0 17 11 10 2 7 14 15 19 12 46 41 13 32 43 36 
local 2544.2916 41 26 19 31 18 47 10 3 28 9 49 25 6 48 30 1 24 4 34 5 27 43 15 44 45 2 23 21 20 32 17 22 29 35 8 38 42 12 39 0 36 11 46 14 13 7 40 33 37 
local 2545.394 36 20 32 7 41 18 8 35 24 45 27 12 30 9 1 13 34 26 6 10 46 40 29 22 43 31 2 5 19 21 38 37 48 42 3 28 15 44 17 25 0 47 49 23 14 39 33 16 11 
local 2521.2316 45 47 28 9 24 13 30 27 32 20 38 43 26 8 37 2 36 6 35 46 42 25 41 10 33 11 19 48 14 34 5 31 29 23 22 17 44 18 15 7 40 49 1 3 0 21 12 39 4 
local 2742.16 14 35 11 21 10 39 9 30 18 26 49 29 28 24 40 8 12 13 0 33 45 19 43 22 42 15 48 46 47 1 27 38 2 25 23 16 34 17 32 31 44 37 4 3 41 5 20 7 36 
local 2505.471 11 36 5 40 16 7 13 47 38 19 31 8 29 37 24 27 39 21 12 26 20 4 9 2 33 0 14 15 22 45 42 34 41 3 23 18 35 30 32 10 25 28 17 46 43 44 49 6 48 
local 2706.337 6 22 27 0 11 42 44 21 4 10 24 48 34 5 13 26 31 3 12 7 32 16 38 40 20 19 9 39 35 8 1 15 29 36 43 25 17 45 23 47 14 18 49 46 41 30 28 33 2 
local 2645.6633 18 26 32 2 11 7 14 38 45 12 1 13 27 44 8 6 39 48 30 35 17 31 9 20 37 47 0 46 15 3 29 24 34 25 41 10 16 4 5 28 19 23 40 49 22 43 36 42 21 
local 2842.754 46 34 7 43 31 29 33 8 26 32 22 14 47 48 44 36 3 20 49 41 45 21 24 30 10 39 28 18 9 6 13 1 17 0 42 25 35 16 2 15 5 12 40 11 38 27 23 19 37 
local 2414.2216 5 39 33 12 20 40 27 13 11 24 14 30 37 36 44 9 31 21 2 18 46 22 28 45 10 41 42 8 0 6 26 3 48 32 23 29 49 35 43 4 17 47 19 34 7 38 25 1 15 
local 2758.3940 31 35 45 20 4 25 48 8 6 18 11 33 7 3 37 2 15 44 46 27 43 23 24 13 17 42 41 32 30 1 47 12 38 26 16 9 5 0 14 36 21 34 19 39 22 28 29 49 10 
local 2835.8523 29 2 30 46 36 14 5 48 32 7 37 28 10 34 20 26 16 40 4 17 38 22 9 27 12 11 0 49 33 39 24 6 15 42 47 31 8 45 19 35 18 13 25 41 1 43 3 21 44 
local 2621.9722 30 18 17 11 40 10 41 39 45 24 13 4 3 2 42 44 25 35 23 0 7 1 26 46 8 9 14 29 12 32 6 43 47 49 48 15 33 5 34 31 38 19 27 21 20 37 16 28 36 
local 2753.611 15 2 29 7 16 47 10 12 26 33 14 21 40 45 41 18 32 43 4 9 6 38 20 23 22 8 44 0 13 30 48 19 35 37 36 25 46 3 49 5 42 31 27 1 28 17 34 39 24 
local 2717.437 43 46 44 21 15 0 16 7 48 20 42 40 38 14 27 10 34 24 5 23 47 31 30 22 29 18 28 2 25 8 9 1 13 17 19 35 39 3 45 41 26 32 11 33 12 49 36 6 4 
local 2563.4515 7 13 25 39 36 11 23 6 41 19 44 5 28 26 46 2 1 10 14 42 20 17 24 49 45 35 37 8 22 33 16 9 12 0 47 38 27 21 3 48 40 31 30 34 43 4 29 32 18 
local 2466.0437 41 48 15 5 8 6 44 21 23 9 13 10 12 26 36 42 24 14 2 0 33 30 19 29 35 47 28 40 20 18 11 17 32 39 4 22 38 27 34 45 16 7 43 25 3 31 49 1 46 
local 2732.626 5 10 4 1 3 33 24 37 19 30 48 39 8 23 13 9 31 17 20 21 47 0 43 41 25 28 12 6 32 49 42 40 35 18 7 36 11 27 2 16 44 29 38 14 22 46 34 45 15 
local 2742.3646 22 32 21 45 28 38 44 13 12 37 0 19 6 4 39 27 17 20 24 25 43 18 3 11 36 41 2 47 5 40 23 34 16 26 49 14 10 9 8 1 30 35 15 7 48 29 31 42 33 
local 2718.929 8 20 30 4 21 19 25 11 1 46 13 39 36 14 22 0 2 48 44 42 34 32 40 45 18 24 43 31 10 41 27 3 37 7 17 26 9 23 12 49 5 16 33 28 6 15 38 35 47 
local 2840.355 40 30 28 13 31 20 39 2 42 19 12 48 35 47 32 23 43 49 17 3 8 22 37 26 0 41 38 25 33 45 15 21 46 34 27 29 24 11 7 16 44 9 6 1 10 4 18 36 14 
local 2804.6835 24 36 47 27 12 3 34 20 9 5 0 10 25 14 16 4 6 2 22 31 7 40 29 13 1 48 33 44 38 30 42 11 43 49 39 23 18 45 37 21 19 32 28 41 26 46 8 17 15 
local 2609.616 46 39 27 19 30 18 32 21 1 38 42 13 23 22 3 10 40 12 29 37 47 20 8 25 4 43 48 15 2 31 35 14 36 26 6 7 9 11 28 45 34 41 44 17 49 0 24 33 5 
local 2660.5115 12 47 1 3 18 19 7 39 36 49 31 34 43 48 35 10 40 27 44 2 41 28 24 30 13 37 0 8 9 46 23 32 6 45 11 38 17 29 22 16 20 26 33 25 14 21 42 4 5 
local 2925.6523 16 4 45 12 13 5 11 37 25 38 8 26 15 10 44 2 31 34 24 43 19 20 18 28 1 39 49 40 48 9 35 21 29 0 27 33 46 36 41 3 17 32 30 7 14 42 47 6 22 
local 3090.2224 1 9 10 33 43 13 22 42 6 41 15 2 40 28 20 48 45 39 32 44 16 19 25 12 23 30 8 3 0 7 31 11 47 34 38 35 21 49 18 26 14 37 17 27 4 46 36 29 5 
local 2804.942 4 43 29 5 36 15 16 6 28 7 44 41 39 42 49 0 24 11 14 40 22 3 46 47 8 37 45 18 31 38 48 21 1 35 20 30 12 17 33 27 34 13 26 23 19 10 9 25 32 
local 2327.8629 9 2 8 35 10 13 34 43 49 38 6 23 47 48 41 42 7 28 11 37 46 27 24 32 19 18 15 25 21 20 22 0 33 14 12 44 40 26 17 31 45 36 4 16 1 39 3 5 30 
local 2697.5818 6 33 44 31 26 21 15 27 3 2 30 23 36 37 16 43 28 41 35 49 39 24 7 40 0 17 47 19 46 12 45 5 38 4 1 13 11 25 34 9 8 10 48 42 32 29 20 14 22 
local 2631.8514 12 5 36 10 25 2 0 20 27 13 37 19 7 47 49 31 3 39 16 21 1 32 29 35 33 48 43 4 22 8 17 23 38 42 41 26 15 28 45 30 18 24 6 11 40 34 9 44 46 
local 2823.8445 41 43 6 19 28 17 42 23 49 0 37 4 34 8 26 13 11 48 7 36 30 14 5 21 16 35 33 39 27 10 12 9 31 46 15 44 25 47 24 22 3 2 18 1 20 40 38 29 32 
local 2314.871 10 32 47 30 8 28 16 43 17 48 0 25 42 46 29 24 27 19 6 41 39 40 7 49 44 38 33 37 5 4 11 12 3 36 45 35 9 13 22 15 26 31 14 23 21 18 20 2 34 
local 2590.5425 31 40 38 18 7 23 35 42 45 14 19 49 28 33 17 34 16 43 29 8 27 39 41 10 24 47 9 13 5 30 11 1 48 2 6 36 44 21 46 12 20 22 37 15 4 26 0 32 3 
local 2626.546 46 3 42 44 13 20 4 48 43 24 27 37 38 18 21 9 19 1 31 0 2 36 39 23 15 12 10 8 11 45 7 25 16 26 41 29 40 32 17 33 34 28 22 47 35 49 5 14 30 
local 2956.7226 24 30 27 12 32 1 7 3 47 19 4 37 38 29 36 14 13 41 25 33 40 45 15 44 34 5 31 39 42 43 22 2 46 35 9 11 0 23 48 20 18 8 6 17 16 10 49 28 21 
local 2684.9719 31 28 8 49 11 16 24 12 43 27 15 47 40 32 2 18 10 42 0 36 9 33 23 17 5 20 38 30 48 13 29 3 26 7 22 35 39 6 46 45 44 1 41 25 34 14 37 21 4 
local 290745 46 2 24 20 48 15 33 10 49 19 29 1 17 16 21 40 30 22 12 13 36 28 38 14 27 5 41 37 32 35 3 31 18 9 26 43 47 34 4 44 39 42 25 7 11 0 8 6 23 
local 2482.5540 48 34 2 10 42 36 3 27 8 16 31 35 0 39 19 33 38 29 1 22 14 28 17 21 23 5 13 12 43 6 32 37 46 47 30 25 15 11 9 26 4 49 24 45 41 18 7 20 44 
local 2550.5133 43 13 26 21 18 42 31 6 39 3 28 30 25 27 29 17 20 49 40 41 36 35 23 9 8 11 38 47 7 5 15 4 44 19 12 16 45 1 48 14 24 46 10 34 0 22 37 32 2 
local 2630.5128 39 45 22 7 18 36 24 20 47 5 21 13 34 17 38 0 37 42 44 4 14 48 9 25 12 43 3 29 10 32 35 8 23 30 19 11 16 41 33 40 26 1 6 49 2 46 15 27 31 
local 2913.6120 32 22 49 5 30 14 44 1 28 21 11 0 26 34 48 35 24 46 8 7 31 42 18 45 2 6 16 10 43 47 3 12 29 15 13 25 38 36 23 41 4 33 27 9 39 19 17 40 37 
local 2530.1934 21 25 18 39 26 40 15 38 32 8 46 33 44 12 5 9 29 16 3 41 30 14 4 11 35 6 49 36 45 7 0 47 24 28 37 23 43 2 17 42 27 20 19 13 1 31 22 10 48 
local 2574.1945 44 23 27 49 17 4 21 32 14 48 43 18 40 28 7 26 24 22 47 37 34 42 33 12 3 8 30 46 36 0 11 13 35 9 10 39 38 20 41 19 1 5 31 25 2 6 29 15 16 
local 2699.7346 0 3 18 34 26 4 22 47 1 32 25 42 33 31 20 14 13 12 30 37 49 5 48 16 39 41 21 44 8 11 2 24 23 10 40 17 36 9 43 35 29 15 27 7 6 38 45 19 28 
local 2607.9916 23 3 41 6 43 45 38 7 26 24 0 21 11 19 15 35 33 9 20 18 28 30 44 13 2 1 5 42 17 4 34 40 49 47 32 48 46 10 8 37 39 22 31 12 36 29 27 14 25 
local 3019.4947 18 44 15 26 45 8 42 0 48 36 14 28 34 11 24 4 5 43 2 25 19 35 33 12 16 3 7 41 31 10 32 23 21 29 40 37 6 38 39 13 1 9 17 49 30 20 46 22 27 
local 2754.0249 28 6 24 25 22 48 2 37 34 23 39 14 10 15 38 35 8 5 41 17 9 21 42 12 3 44 30 36 45 0 43 32 16 47 26 11 13 33 46 1 19 4 31 40 7 29 18 20 27 
local 2415.0548 47 19 6 32 46 4 1 24 39 28 16 45 8 20 37 36 41 42 35 27 18 33 49 3 30 17 38 13 9 2 11 22 25 26 31 12 44 34 15 5 43 10 40 7 21 14 0 23 29 
local 2726.6547 24 15 17 49 42 41 32 6 2 27 22 37 28 13 12 25 26 18 8 4 29 34 30 36 21 19 0 7 45 46 20 38 35 10 1 23 14 11 16 40 5 39 31 3 48 44 9 43 33 
local 2834.6247 19 39 16 26 21 11 25 44 34 5 2 32 30 17 29 13 24 15 42 38 7 0 12 36 6 18 10 40 45 3 27 20 46 37 33 4 43 14 22 41 49 48 23 9 31 28 1 35 8 
local 2678.3839 4 44 7 12 48 19 14 1 2 42 34 15 35 5 30 20 24 3 31 10 27 23 36 38 45 41 49 26 9 22 6 37 8 11 18 17 28 0 40 16 32 46 43 21 25 47 29 33 13 
local 2860.937 17 24 13 3 42 36 1 48 9 45 20 8 21 27 34 41 22 31 5 19 30 15 47 25 14 44 29 23 38 11 26 18 2 12 32 39 46 7 28 33 6 4 35 40 49 0 16 10 43 
local 2732.0912 31 8 2 5 11 15 10 37 9 32 30 46 48 25 0 35 7 40 14 34 4 16 45 33 6 23 19 49 18 47 29 26 20 44 43 13 41 39 17 24 27 3 21 22 42 28 1 36 38 
local 2720.1917 35 16 7 8 14 20 34 37 13 5 41 25 46 12 39 38 2 30 47 23 45 6 49 9 26 48 0 31 18 44 1 27 3 4 33 15 32 24 21 43 29 10 28 40 36 19 22 11 42 
local 2695.453 25 15 34 36 24 21 38 48 45 42 14 13 17 49 11 40 22 19 10 39 0 20 47 28 33 29 35 18 1 43 23 32 4 37 27 44 26 12 31 2 30 46 6 8 9 5 7 16 41 
local 2662.4920 14 34 0 2 19 39 10 30 22 33 5 13 7 44 1 18 11 40 16 41 28 17 9 49 38 12 42 27 46 45 15 43 21 31 25 4 32 3 36 26 35 8 6 29 48 24 23 37 47 
local 2612.4912 31 8 26 40 6 35 13 37 36 45 49 3 32 15 17 0 14 7 9 16 11 30 39 46 41 33 1 29 10 43 42 22 21 5 19 25 24 28 47 48 18 4 20 2 44 27 38 34 23 
local 2502.0220 38 23 32 3 30 44 28 33 8 42 0 35 13 16 4 11 9 10 6 34 17 37 46 22 36 45 49 40 1 25 15 29 48 5 27 31 7 12 21 2 24 19 43 26 18 41 39 47 14 
local 2864.8423 31 28 37 10 2 41 7 38 11 16 42 21 34 24 3 48 39 30 12 15 14 20 17 4 32 33 13 46 1 5 22 29 49 0 35 26 44 47 27 9 40 43 19 18 45 36 6 25 8 
local 2581.9117 37 15 49 40 23 34 5 8 0 27 21 42 31 1 43 9 48 11 12 2 3 25 44 13 46 28 47 29 10 26 7 22 19 6 45 30 38 14 33 39 41 32 24 16 18 35 4 36 20 
local 2671.413 12 31 7 9 25 33 35 23 10 42 28 44 30 0 48 45 32 15 18 2 49 22 17 47 16 11 21 41 43 36 1 24 40 8 46 20 27 13 4 29 39 6 34 37 19 5 14 38 26 
local 2666.519 7 15 11 13 32 18 40 43 14 23 1 28 39 8 25 20 48 16 47 6 45 9 34 24 5 21 38 26 36 41 12 49 42 4 33 22 44 3 37 2 46 35 10 27 17 29 0 30 31 
local 2885.9541 21 5 46 28 31 45 12 23 7 29 19 4 48 16 35 17 11 15 47 0 22 43 2 20 25 38 9 36 32 26 10 44 34 39 42 33 8 3 24 18 40 30 1 37 14 27 6 49 13 
local 2643.3335 37 40 10 29 8 46 13 36 5 43 11 7 41 26 28 15 47 27 44 31 1 6 42 17 49 39 22 33 12 48 30 38 45 21 20 9 14 23 24 16 34 32 19 4 25 18 2 0 3 
local 2892.872 46 7 8 43 48 27 45 20 25 11 37 1 3 17 47 21 38 19 18 34 39 30 9 26 33 22 36 0 14 15 16 49 29 35 28 5 24 44 31 42 40 32 12 6 13 23 41 10 4 
local 2659.5725 38 2 42 21 13 17 5 15 44 45 34 0 1 20 35 28 32 37 3 19 40 31 14 22 24 43 39 4 41 23 8 48 49 6 11 9 18 29 33 16 27 7 10 30 46 47 36 12 26 
local 2458.6144 28 5 35 37 29 45 10 2 27 39 21 40 46 12 0 18 6 20 23 13 8 9 16 17 22 48 32 25 7 4 36 33 34 47 30 26 43 3 1 31 19 14 49 38 15 42 11 24 41 
local 2815.3147 48 44 3 37 1 34 49 23 15 28 9 18 39 26 16 2 45 0 30 6 5 17 27 4 13 24 40 46 20 33 14 12 11 19 36 35 41 31 32 38 10 42 7 8 21 22 43 29 25 
local 2470.3649 44 43 20 11 15 26 31 22 30 46 34 3 0 10 37 38 25 8 18 23 39 32 14 33 4 6 28 24 5 19 40 12 36 2 17 9 47 29 48 1 16 13 7 35 21 41 42 27 45 
local 2581.4920 2 10 40 29 22 7 30 32 11 13 45 38 49 6 26 8 1 24 25 9 36 41 48 35 43 46 16 28 19 27 0 12 5 33 23 37 44 34 47 14 18 3 31 17 4 15 21 39 42 
local 2611.228 38 3 49 20 13 47 39 22 37 32 16 18 4 12 23 43 41 40 45 19 21 36 11 15 30 5 29 2 42 17 33 14 35 0 26 6 25 1 31 44 24 48 10 27 34 9 46 7 8 
local 2731.6335 16 11 3 36 13 34 10 41 42 5 32 30 37 45 28 8 4 48 39 15 25 17 49 40 24 6 9 2 27 23 14 0 33 31 47 20 29 1 43 18 44 46 21 19 12 7 26 22 38 
local 2571.6724 45 49 19 16 15 30 13 46 34 31 43 23 10 1 9 17 8 14 7 21 4 37 28 44 32 5 40 42 22 25 11 48 0 36 41 47 20 38 18 26 27 3 12 6 33 35 39 29 2 
local 2826.9430 34 21 29 38 32 45 20 15 22 27 4 18 42 49 44 17 1 36 48 8 40 13 39 33 28 12 11 23 41 10 5 7 25 16 46 2 14 47 31 3 0 9 6 35 24 37 26 43 19 
local 2783.744 12 40 38 31 4 23 6 30 28 13 25 2 48 45 16 5 20 22 32 15 42 39 1 27 0 18 19 24 46 17 7 10 35 14 3 33 41 49 9 21 11 8 47 43 36 34 29 37 26 
local 2716.9944 0 33 13 9 15 3 19 42 6 5 23 37 4 26 27 22 48 24 20 2 21 28 34 25 11 47 43 39 38 16 29 46 8 17 14 32 30 49 36 35 31 18 45 41 40 1 7 12 10 
local 2786.4844 24 15 34 3 4 40 22 27 18 25 35 26 17 29 11 43 33 10 48 20 46 9 19 12 1 37 16 21 42 0 49 36 32 45 5 2 41 23 14 31 39 47 13 28 30 8 7 38 6 
local 2709.032 26 36 8 43 1 23 33 13 46 40 10 49 37 9 21 30 39 35 16 18 17 22 29 45 15 32 19 44 38 34 31 0 12 42 14 47 5 27 7 28 24 48 3 41 6 4 11 20 25 
local 3094.4539 10 24 23 26 34 5 46 44 35 18 13 37 14 25 9 17 19 2 22 36 30 31 20 0 21 7 42 3 1 38 33 32 45 47 27 11 29 28 4 41 8 12 40 49 16 15 6 48 43 
local 2796.4937 47 48 35 12 26 42 39 44 18 0 17 24 20 7 22 28 34 6 21 45 49 11 46 8 14 3 1 10 15 31 19 2 30 38 4 9 27 23 36 40 33 13 43 16 32 25 41 5 29 
local 2421.8426 33 7 4 40 6 3 14 25 38 17 11 20 19 45 31 2 43 0 21 48 29 16 27 44 47 24 35 28 15 9 49 41 39 13 46 10 34 8 30 22 5 36 1 23 18 37 12 42 32 
local 2571.9125 41 0 33 17 28 31 26 42 45 18 2 39 20 9 34 27 32 4 12 10 35 22 3 14 46 7 21 19 8 23 43 44 48 29 30 49 1 16 24 13 5 47 6 38 36 37 11 15 40 
local 2775.6841 23 37 8 18 42 31 28 5 30 10 20 14 22 7 33 24 15 47 29 11 3 49 35 38 34 26 21 2 27 43 25 17 45 46 40 48 6 44 32 12 1 4 39 0 9 19 13 16 36 
local 2729.6829 10 9 47 6 42 43 28 33 20 19 0 27 15 21 45 32 49 22 39 5 44 35 7 3 13 31 8 16 14 24 34 17 41 25 18 11 26 23 2 46 48 30 12 38 40 37 1 36 4 
local 2641.6743 12 13 49 32 19 11 6 20 46 38 23 10 27 29 41 31 15 36 21 37 34 33 48 16 45 3 42 24 8 4 18 0 39 9 44 25 47 40 35 7 14 22 30 5 2 26 1 17 28 
local 2790.8649 42 17 40 39 27 5 47 4 48 20 0 12 11 29 18 2 1 19 36 28 25 3 26 37 16 35 8 10 41 22 7 23 33 13 31 24 34 15 43 30 21 32 46 45 9 44 38 14 6 
local 2719.7723 21 40 30 38 29 6 44 32 39 2 31 49 10 47 19 13 24 0 1 41 48 35 45 3 5 37 36 33 42 7 9 20 34 28 16 11 12 27 46 15 22 18 17 8 25 26 14 43 4 
local 2859.9332 47 49 20 36 39 31 16 25 30 45 38 40 29 33 34 23 37 41 13 44 19 10 27 9 18 11 4 14 8 28 24 26 42 15 21 0 1 17 48 22 6 2 5 12 7 46 3 35 43 
local 2649.7642 35 43 2 33 16 28 21 39 13 37 27 46 9 34 31 29 30 7 17 12 0 45 1 25 19 18 8 6 26 36 15 47 3 24 20 5 48 11 23 10 49 41 44 40 14 32 22 4 38 
local 2549.6729 15 1 3 0 5 7 37 40 2 20 12 45 43 30 8 24 42 13 38 27 44 19 41 14 46 6 10 18 34 9 35 4 17 31 49 33 32 36 39 23 48 47 25 28 26 11 21 22 16 
local 2724.6215 33 39 9 23 29 44 5 43 27 25 17 22 49 24 38 19 3 26 7 0 32 30 14 13 45 47 37 36 34 48 21 1 31 41 12 4 18 2 11 8 46 6 16 10 35 20 42 28 40 
local 2790.3947 39 7 35 40 44 18 32 41 37 33 27 20 4 19 0 38 34 1 26 14 6 16 13 28 3 49 8 29 12 2 36 48 45 21 15 24 46 10 42 17 22 30 31 23 43 25 5 11 9 
local 29206 30 33 31 13 18 14 17 32 24 48 37 1 11 40 5 15 7 49 35 39 36 38 20 34 29 21 44 22 10 19 27 25 43 3 8 46 23 41 26 42 28 16 47 45 12 4 2 0 9 
local 2605.378 29 24 42 33 46 47 1 20 34 44 14 27 21 30 41 36 28 16 22 23 15 6 38 10 49 25 32 37 3 4 17 40 7 0 12 45 31 43 39 35 19 13 26 48 2 18 9 11 5 
local 2644.4520 12 27 29 47 40 5 1 21 2 48 8 19 7 44 34 14 32 28 45 41 39 18 38 16 46 4 23 3 15 25 36 17 10 24 22 11 37 13 35 30 43 42 6 49 33 9 26 0 31 
local 2461.920 22 18 26 5 17 36 2 46 23 29 16 25 37 10 41 49 48 38 32 34 19 45 24 20 47 21 14 30 1 33 11 7 3 15 31 4 44 43 9 28 12 39 27 42 40 8 13 35 6 
local 2419.2611 10 4 43 5 14 35 8 45 20 47 46 16 28 44 15 18 30 40 23 39 22 3 12 36 38 7 24 2 27 33 34 49 37 0 6 31 26 42 48 1 13 21 17 32 25 19 41 9 29 
local 2360.6945 21 32 14 40 20 49 34 18 31 39 28 35 37 47 23 27 46 19 48 12 30 38 2 6 24 13 29 5 43 25 33 36 26 10 7 15 4 42 44 22 17 3 1 8 16 0 11 9 41 
local 2994.8330 16 8 14 42 12 24 44 4 23 6 48 5 49 32 36 22 7 37 34 25 27 43 38 29 20 2 10 0 40 28 9 26 31 18 15 45 46 1 35 11 47 3 13 17 19 33 41 39 21 
local 2814.9540 32 20 8 17 26 42 3 19 13 43 24 33 2 35 31 25 30 46 49 1 16 4 23 10 45 12 28 29 38 44 18 27 15 37 9 14 39 47 7 36 22 48 21 34 41 5 6 0 11 
local 2783.0839 15 7 46 44 32 37 48 45 10 20 21 6 2 26 17 38 47 40 25 0 29 4 24 42 35 27 43 5 19 22 23 13 11 34 12 1 18 31 3 30 8 14 36 49 9 28 33 16 41 
local 2514.6530 9 28 48 44 49 34 37 7 25 32 38 29 1 45 18 3 2 13 24 21 5 33 17 4 15 19 41 39 42 11 31 40 16 14 36 8 26 27 22 43 6 12 20 0 47 10 35 46 23 
local 2741.7439 5 18 32 28 2 40 13 47 11 21 22 24 29 20 15 8 9 19 23 46 3 6 44 0 16 42 45 41 14 35 26 30 25 4 33 1 49 17 7 12 36 31 37 43 27 10 34 38 48 
local 2650.2737 4 32 14 30 41 35 22 3 1 49 17 29 42 11 24 21 0 27 38 13 48 15 6 19 2 26 47 39 20 44 45 18 36 8 25 34 9 12 23 16 31 5 46 7 43 40 10 28 33 
local 2589.9244 30 2 41 19 4 20 31 1 27 35 46 11 37 5 28 3 43 24 10 49 34 16 12 25 33 47 29 32 7 39 26 0 23 42 15 40 17 36 13 45 22 48 38 9 8 6 21 14 18 
local 2761.2428 41 8 4 34 11 3 24 39 10 13 21 30 47 35 36 6 1 15 49 14 29 31 17 26 45 40 19 33 46 48 16 42 5 32 37 43 9 44 25 23 22 27 0 18 7 2 12 38 20 
local 2779.52 29 26 33 41 34 11 24 39 38 45 15 13 48 36 4 1 18 32 35 46 5 47 30 21 0 20 37 9 49 7 31 42 40 22 25 3 10 27 14 16 44 28 23 8 19 17 12 6 43 
local 2578.148 8 32 19 12 18 11 26 43 38 7 49 22 5 1 0 21 9 34 17 36 44 3 37 14 40 35 25 30 39 33 28 42 29 47 16 31 46 20 10 45 2 27 41 4 13 6 24 23 15 
local 2821.770 9 40 29 18 48 2 1 47 8 7 32 14 5 44 10 17 33 49 46 13 26 4 45 24 39 31 22 6 25 21 19 3 16 35 15 42 34 20 41 27 30 11 37 23 36 28 12 38 43 
local 2579.979 2 7 33 6 1 35 10 13 39 16 37 24 44 41 8 12 27 23 49 42 36 38 25 3 45 28 22 5 32 40 26 34 4 47 30 31 14 48 17 19 29 11 18 0 21 20 43 46 15 
local 2875.2638 17 49 19 23 1 36 13 29 22 31 2 43 33 40 47 16 41 20 27 5 15 44 21 10 3 9 14 6 45 37 25 42 18 12 0 8 35 34 28 7 4 24 46 30 32 48 26 11 39 
local 2913.8531 15 17 14 12 44 34 23 7 21 29 1 28 40 13 8 30 19 22 48 39 43 49 37 32 45 11 20 46 24 16 10 18 25 26 33 36 47 2 3 42 5 38 27 4 9 41 0 35 6 
local 2588.9338 2 14 47 28 37 34 33 44 29 13 4 6 1 23 25 18 39 40 9 45 21 31 11 43 12 35 10 22 32 26 16 49 36 24 7 15 30 3 19 46 20 42 41 0 48 27 5 17 8 
local 2716.318 12 17 37 29 2 15 35 39 33 7 10 45 4 40 44 49 27 20 46 48 22 43 41 25 32 19 9 26 30 1 42 16 47 6 28 3 36 23 38 21 5 24 14 34 18 31 11 0 13 
local 2593.6927 44 20 28 37 48 39 49 4 1 24 19 13 34 23 8 9 40 18 26 0 14 41 10 25 7 2 33 17 46 21 3 35 12 43 36 38 22 47 31 15 29 6 30 32 11 42 16 5 45 
local 2748.3149 43 9 25 24 7 0 44 20 31 1 41 8 4 18 45 35 32 15 40 47 3 42 16 28 21 13 27 39 34 11 48 46 5 2 30 37 12 26 33 22 17 29 6 19 23 36 38 10 14 
local 2625.213 29 48 27 2 44 22 7 32 45 19 28 43 9 41 10 34 3 5 0 8 15 42 35 38 17 37 24 12 40 46 11 6 49 47 36 16 23 20 1 30 25 39 18 26 21 14 33 4 31 
local 2721.3740 26 4 17 28 21 41 14 12 33 29 39 22 47 13 30 8 45 20 9 49 11 43 46 5 24 7 0 48 37 25 31 16 2 15 34 6 23 42 3 27 1 10 44 18 35 32 36 38 19 
local 2845.3148 18 43 44 39 21 47 13 17 19 6 3 14 38 31 29 9 22 4 15 16 11 41 34 26 46 49 27 23 35 45 30 42 7 24 0 37 1 8 33 25 32 10 20 28 2 12 5 36 40 
local 3005.1224 15 27 37 13 22 34 3 41 19 0 31 47 12 1 14 40 6 17 25 7 9 45 23 20 5 35 4 18 46 11 8 49 29 16 2 39 42 28 32 36 30 48 44 33 26 21 10 43 38 
local 2771.9546 26 24 27 7 3 14 5 6 8 10 0 48 30 32 40 43 11 49 36 41 34 35 45 4 42 38 31 29 9 17 2 21 37 23 19 25 22 15 39 18 12 44 16 13 20 28 47 1 33 
local 2156.5941 44 35 48 29 43 8 27 36 45 13 46 3 33 21 39 30 37 5 9 32 31 42 7 16 14 1 10 0 40 19 23 18 15 25 28 17 38 2 34 49 11 6 24 12 47 22 20 4 26 
local 2779.8324 22 49 40 18 10 12 7 32 5 36 34 4 14 3 43 28 23 27 17 0 16 48 33 42 45 9 1 11 31 38 47 25 26 13 6 29 21 37 15 2 39 20 8 30 35 19 44 46 41 
local 2548.087 28 37 49 31 40 24 23 45 6 8 27 30 26 4 42 16 43 20 21 2 11 13 14 22 41 12 1 36 34 9 0 39 5 10 18 32 44 3 17 47 38 48 46 25 15 29 35 19 33 
local 2657.5417 32 20 44 14 34 2 23 12 30 37 33 13 47 49 15 1 7 31 21 18 27 28 22 0 26 8 46 38 25 48 24 40 19 35 39 4 5 9 16 10 29 45 41 43 36 3 6 11 42 
local 2845.0640 45 0 47 29 1 30 43 3 36 18 16 28 6 32 41 19 33 25 38 13 2 46 7 27 12 4 10 24 11 8 35 23 5 17 31 9 39 42 26 37 15 48 22 34 49 21 44 14 20 
local 2681.574 8 41 43 16 39 34 15 5 19 48 22 27 36 3 2 30 18 13 31 10 28 44 38 33 0 29 32 24 9 23 40 17 1 7 21 46 14 11 49 26 35 12 25 20 42 45 6 47 37 
local 2698.962 20 28 47 27 41 30 44 8 22 48 23 21 13 12 5 46 10 37 49 40 34 16 42 43 6 14 0 45 33 35 38 18 39 24 1 19 36 26 32 17 9 25 7 3 11 31 4 15 29 
local 2369.8116 39 42 38 43 19 20 24 10 14 11 6 2 27 34 46 47 18 9 1 28 4 15 0 35 32 48 44 5 29 30 21 49 37 3 36 17 12 45 33 13 40 31 8 26 7 41 22 25 23 
local 2753.1211 17 0 13 32 21 19 12 6 47 45 39 44 49 4 18 26 14 35 30 7 23 28 31 40 16 29 48 2 38 8 46 33 41 34 9 5 25 22 15 20 1 43 3 42 37 27 24 36 10 
local 2968.8744 46 49 8 19 43 47 15 48 6 38 26 20 42 39 34 2 33 23 14 10 16 13 40 37 1 30 0 9 21 32 12 41 25 24 36 29 4 22 35 45 17 3 31 27 18 5 7 11 28 
local 2593.611 9 47 32 45 24 40 5 2 28 12 31 7 20 29 35 25 46 0 1 49 14 18 30 21 4 15 3 44 34 6 39 8 10 26 16 17 38 27 19 22 43 41 33 42 48 36 13 37 23 
local 2746.1811 10 44 38 32 3 27 18 4 42 33 16 12 14 17 47 21 31 13 41 34 20 5 46 19 30 1 2 22 8 28 25 15 35 24 40 7 48 23 6 29 26 37 39 36 43 49 9 0 45 
local 2595.1828 5 7 4 43 32 16 49 12 15 1 45 11 36 21 30 8 9 26 41 27 34 23 35 37 44 29 47 48 42 3 31 2 10 17 18 39 19 6 46 14 20 33 0 40 24 22 25 13 38 
local 2569.7928 34 17 37 29 19 39 46 10 21 0 9 44 5 25 49 13 32 12 43 30 15 31 42 6 20 23 35 22 2 1 14 24 4 16 36 48 41 11 3 47 45 27 33 18 8 40 38 26 7 
local 2715.0744 23 43 25 13 24 11 36 22 14 48 8 26 31 38 16 32 7 47 30 37 15 46 19 18 33 45 41 10 27 4 40 34 39 9 29 42 21 17 1 6 28 49 3 2 0 12 20 35 5 
local 2520.6222 26 35 17 3 20 12 0 39 23 28 16 29 31 40 41 42 33 19 8 4 5 6 11 25 43 21 38 14 18 15 45 32 1 36 47 10 30 44 9 46 7 27 13 2 49 37 34 48 24 
local 2417.5828 33 17 12 49 3 16 10 6 7 22 11 41 32 37 48 24 20 42 27 40 21 4 25 31 44 5 0 46 13 47 2 9 38 19 1 14 35 30 23 18 15 29 8 39 43 45 34 36 26 
local 2561.6233 0 8 31 3 17 43 41 23 30 32 45 44 46 24 34 29 5 1 15 25 38 12 36 16 13 9 28 47 4 49 11 39 18 6 14 37 10 22 48 27 7 20 42 21 19 2 26 35 40 
local 2913.8915 40 27 31 35 41 10 11 33 6 9 19 47 38 7 3 37 44 8 25 13 4 20 49 28 48 34 17 21 42 30 1 12 39 14 0 16 26 46 32 45 36 23 2 5 29 18 22 43 24 
local 2753.9314 9 8 15 6 43 17 38 49 32 3 41 13 2 25 11 20 0 5 23 29 45 31 26 39 48 12 21 30 27 47 7 1 33 42 37 35 46 10 44 19 18 28 34 36 24 16 4 22 40 
local 2640.124 17 6 35 32 8 2 27 14 33 0 1 18 15 13 45 39 38 10 21 43 46 37 3 4 23 31 28 49 20 34 25 7 9 16 42 41 5 11 36 40 12 44 47 26 22 30 48 29 19 
local 2595.741 19 16 28 30 26 18 21 15 47 9 0 12 37 43 44 48 42 45 6 49 46 10 32 41 22 11 5 2 38 20 33 8 13 31 34 3 25 36 17 14 39 23 7 29 27 40 24 35 4 
local 2779.1716 2 48 13 21 31 34 39 9 36 7 44 3 23 15 37 45 12 32 47 0 40 10 14 22 33 42 28 26 1 4 35 25 46 11 20 29 8 5 27 49 38 30 6 17 43 18 24 41 19 
local 2762.0212 45 7 13 18 8 30 48 27 49 36 28 34 44 41 5 39 33 16 21 20 23 31 25 6 9 22 11 46 4 29 19 26 15 17 43 3 14 24 38 1 40 47 32 2 10 37 35 0 42 
local 2567.6746 37 41 19 13 26 23 48 30 34 1 31 47 8 10 25 18 40 5 44 12 45 24 3 22 20 6 29 35 32 27 9 2 43 21 38 7 4 33 28 36 17 49 16 11 42 15 14 39 0 
local 2781.8834 13 0 3 10 46 31 48 29 27 35 9 44 16 36 22 37 15 43 20 21 11 47 42 41 30 28 24 14 4 32 33 1 26 23 8 40 2 18 7 39 17 19 45 25 38 49 12 6 5 
local 2634.5926 28 29 38 12 45 41 19 46 36 24 3 17 39 30 32 23 2 9 33 47 34 40 5 15 22 35 18 13 4 37 8 0 14 48 6 42 44 10 43 49 16 27 7 31 20 25 21 1 11 
local 2745.6339 30 2 48 17 5 12 36 16 14 23 26 21 13 46 1 10 22 28 44 11 27 4 19 32 38 29 9 43 7 6 24 0 37 31 20 41 15 18 42 3 25 8 47 49 45 33 34 40 35 
local 2739.4223 27 21 43 9 0 18 29 24 5 41 49 26 31 16 36 7 25 46 10 44 17 20 3 47 8 15 42 40 13 12 11 45 37 6 1 39 14 30 28 34 33 4 32 2 38 22 35 48 19 
local 2529.9844 29 13 43 3 25 40 19 31 14 46 37 11 20 47 5 2 21 38 35 22 36 4 39 30 34 1 45 42 24 41 48 17 6 32 7 49 12 9 33 10 27 23 0 15 18 16 28 26 8 
local 2823.8637 5 27 6 48 20 15 2 10 30 36 25 19 21 24 3 8 26 7 49 34 22 13 23 44 35 1 42 41 29 40 14 33 18 45 32 17 28 4 0 39 9 12 43 31 11 46 38 16 47 
local 2603.0541 46 6 47 0 3 2 37 9 39 33 35 27 21 14 48 45 44 28 8 22 34 31 19 40 11 32 16 25 10 30 23 5 43 29 7 18 17 12 42 36 20 4 38 49 1 24 26 15 13 
local 2774.9331 49 37 10 43 18 39 26 21 11 12 40 20 41 14 42 9 34 47 46 24 5 29 25 15 28 27 6 23 22 8 48 36 35 32 3 2 1 17 19 38 44 0 33 45 7 13 30 16 4 
local 2887.4336 39 28 18 40 44 0 41 4 31 29 49 5 21 1 9 27 30 34 20 13 42 16 14 38 25 33 46 45 12 15 10 26 32 48 24 11 23 7 2 37 3 35 22 43 19 17 47 6 8 
local 2766.9210 33 41 3 45 14 31 2 12 44 37 20 26 47 16 32 24 5 40 21 38 18 11 29 27 13 9 17 0 8 30 25 4 42 1 49 6 39 15 36 22 34 28 19 43 48 23 46 7 35 
local 2576.6436 34 17 38 33 20 40 29 39 28 46 27 3 14 19 41 45 32 18 7 5 0 37 13 25 4 6 9 16 24 35 21 42 10 15 8 1 44 2 43 49 23 47 31 26 30 11 22 48 12 
local 2633.6728 14 48 41 1 34 18 17 46 2 36 25 24 29 3 31 39 4 40 10 35 21 15 43 12 33 5 19 6 47 13 9 0 45 16 8 20 7 11 44 30 27 37 23 26 38 32 22 49 42 
local 2999.8343 41 15 46 13 23 34 28 27 2 11 37 47 48 30 26 44 18 20 39 0 8 35 7 16 6 25 29 19 1 12 31 22 45 36 10 42 14 49 17 24 5 33 4 40 9 32 21 38 3 
local 2742.8437 7 9 34 42 10 27 12 36 31 25 0 39 40 2 15 26 30 44 5 41 16 11 29 6 1 4 28 47 43 14 20 38 35 13 17 33 3 19 45 21 49 22 46 23 48 32 18 8 24 
local 2713.918 16 32 45 3 7 42 2 4 20 18 26 22 29 43 27 47 0 10 24 44 33 46 14 28 38 40 5 11 48 13 12 31 9 25 1 23 6 39 37 34 36 17 15 30 35 19 21 41 49 
local 2773.638 19 16 31 48 7 11 42 5 6 24 30 12 8 22 36 10 13 21 46 37 33 34 20 4 17 39 27 14 26 2 49 9 44 1 3 23 0 32 35 15 28 29 25 41 45 40 18 43 47 
local 2621.9936 12 18 2 5 48 41 13 42 32 25 47 37 33 1 16 44 3 46 35 49 40 0 19 7 26 27 34 14 31 39 15 21 20 22 30 24 8 43 9 17 23 28 10 6 4 11 45 38 29 
local 2675.0847 19 23 5 0 14 26 9 6 35 22 43 20 39 17 42 11 34 8 16 46 49 1 37 12 4 21 13 10 38 2 28 33 29 18 48 31 36 25 27 15 32 44 7 30 3 40 24 45 41 
