local 970.190 6 12 2 9 7 3 17 5 1 18 4 14 15 8 16 10 11 19 13 
local 1189.13 17 18 8 11 9 2 14 5 0 4 16 10 12 13 7 1 6 19 15 
local 1012.839 16 6 12 3 15 10 18 1 13 8 17 5 7 11 0 19 2 4 14 
local 1060.010 1 4 6 17 19 15 18 13 2 10 7 11 8 3 12 9 14 5 16 
local 1063.985 0 4 18 14 9 11 10 19 3 13 6 16 7 8 17 12 1 2 15 
local 1122.77 13 17 16 12 15 6 11 4 19 5 10 3 9 0 2 18 14 8 1 
local 1055.7518 15 2 5 8 6 11 12 17 10 0 1 16 9 19 14 3 13 7 4 
local 1225.1818 11 12 1 17 6 3 15 14 0 16 10 8 19 7 5 4 9 2 13 
local 1066.829 15 18 3 8 5 0 12 13 10 4 2 19 17 11 14 1 16 7 6 
local 1030.039 10 3 8 12 7 17 2 14 15 6 11 4 5 1 18 0 13 16 19 
local 1109.9817 1 0 12 3 18 11 8 7 10 2 9 15 4 5 13 16 6 14 19 
local 979.10617 5 13 14 6 18 15 0 19 10 16 8 4 12 7 11 9 1 3 2 
local 970.13716 8 14 4 2 6 19 13 11 10 9 1 17 3 15 7 5 0 18 12 
local 1047.21 6 19 16 14 9 7 8 17 18 15 10 2 0 12 4 11 3 5 13 
local 1178.9118 3 0 17 11 7 4 19 8 1 12 16 5 9 6 15 14 2 10 13 
local 889.57119 11 14 8 13 0 9 6 5 10 16 4 7 3 15 2 17 18 1 12 
local 10952 11 9 5 0 4 7 18 10 12 15 17 19 16 6 3 8 13 1 14 
local 966.32314 15 4 7 3 11 0 12 10 1 5 16 2 13 19 17 18 8 9 6 
local 1064.235 3 15 10 11 7 2 16 13 8 19 0 9 14 17 6 4 18 1 12 
local 915.97518 19 16 12 15 5 1 17 4 9 0 8 14 13 6 11 10 2 3 7 
local 908.66117 6 12 4 10 0 8 16 18 3 9 11 13 1 15 5 2 7 14 19 
local 922.71910 15 12 6 11 2 18 4 19 17 3 13 16 8 5 1 0 9 7 14 
local 1073.5215 8 16 9 3 1 2 18 14 10 4 13 6 12 17 11 7 0 19 5 
local 979.7632 19 10 13 1 12 14 15 9 0 11 7 5 18 4 16 6 8 17 3 
local 968.6324 14 7 16 19 15 10 13 5 3 0 8 17 18 12 9 1 11 6 2 
local 1000.183 14 6 8 12 1 4 5 13 15 2 9 18 7 0 11 19 17 16 10 
local 1049.378 4 14 2 10 16 15 1 13 0 7 17 11 6 12 3 18 9 5 19 
local 997.0753 1 9 14 7 2 4 16 6 15 13 19 11 5 0 18 17 10 8 12 
local 981.01416 5 15 18 4 7 6 10 0 8 14 12 17 3 13 11 2 19 9 1 
local 990.65313 0 6 17 14 10 19 12 16 9 8 15 2 1 11 5 3 4 18 7 
local 909.339 8 11 14 13 7 10 0 1 18 19 2 6 17 3 5 16 4 15 12 
local 972.89312 15 10 8 7 9 13 18 2 0 6 14 11 3 19 4 1 5 16 17 
local 1166.4519 8 14 1 18 7 11 16 15 13 12 3 6 5 2 0 9 17 10 4 
local 1133.393 15 8 19 7 18 1 12 6 13 4 10 5 0 11 16 9 14 17 2 
local 998.66617 5 7 8 4 9 3 2 10 11 19 16 18 12 13 1 6 15 0 14 
local 974.522 13 19 15 18 11 1 7 5 12 3 9 6 10 16 8 0 4 14 17 
local 963.2017 14 4 17 12 19 0 18 3 10 13 8 2 6 1 16 11 9 15 5 
local 1125.916 4 0 6 8 9 12 19 14 1 10 5 18 17 3 13 2 15 11 7 
local 1015.597 2 13 19 10 11 3 14 12 8 15 17 18 1 0 9 4 6 5 16 
local 985.13712 0 1 11 14 17 5 10 9 4 7 16 13 19 15 8 18 2 6 3 
local 1013.880 5 13 16 15 18 1 8 11 2 12 6 4 7 3 19 17 14 10 9 
local 959.5772 16 12 18 13 7 19 1 15 10 17 9 14 6 3 4 5 8 11 0 
local 1214.674 15 9 16 5 10 18 3 11 17 0 7 8 19 1 6 13 12 2 14 
local 1052.278 7 2 10 5 17 16 0 12 15 13 19 14 11 6 18 4 3 9 1 
local 964.06616 1 7 11 15 19 5 2 13 3 6 17 12 18 0 9 4 10 14 8 
local 1109.0217 7 18 10 2 15 13 8 6 9 3 12 4 14 16 11 19 5 0 1 
local 1105.299 12 15 1 3 14 7 19 2 18 11 4 13 5 16 10 0 6 17 8 
local 935.0660 13 7 6 10 18 17 14 12 5 16 4 2 11 8 3 15 19 9 1 
local 966.166 1 13 8 17 2 4 9 10 19 16 5 18 14 7 3 0 12 15 11 
local 887.7859 7 13 6 15 11 8 16 14 10 5 3 17 4 2 1 0 12 19 18 
local 1032.878 19 6 10 17 1 14 11 0 7 13 4 5 9 18 15 16 12 2 3 
local 1176.7614 7 11 12 15 0 16 5 13 17 1 9 19 3 8 10 2 4 6 18 
local 1098.7819 7 17 3 2 15 12 6 14 4 1 16 11 8 13 0 18 10 9 5 
local 773.67 6 1 3 12 5 9 2 8 16 17 18 19 15 0 14 10 11 13 4 
local 1086.244 2 17 13 16 7 15 1 14 6 19 5 3 11 8 10 9 18 12 0 
local 1051.536 18 10 16 14 15 2 3 19 4 12 7 9 1 0 11 17 5 13 8 
local 1019.0316 18 12 5 17 4 7 10 15 6 3 0 2 19 14 13 8 9 1 11 
local 1080.9518 11 10 17 6 9 8 4 0 19 12 13 7 15 16 3 2 14 5 1 
local 1173.3515 9 18 5 10 4 13 6 17 11 12 0 16 2 8 1 7 14 3 19 
local 772.65614 7 13 1 4 12 15 0 6 5 19 18 11 16 17 2 8 9 3 10 
local 1126.765 8 2 7 19 4 13 6 18 10 11 3 12 1 9 14 17 15 16 0 
local 1074.924 6 2 11 5 9 0 8 17 15 19 3 14 12 7 13 18 1 10 16 
local 1044.228 12 15 6 11 10 18 1 3 0 9 16 7 19 4 2 17 13 5 14 
local 1035.757 10 9 18 6 15 19 0 11 16 17 12 14 4 13 2 3 8 1 5 
local 1093.257 6 2 18 1 16 8 4 3 11 17 13 19 9 15 10 0 12 5 14 
local 990.68211 8 19 17 0 13 5 15 2 7 1 10 9 16 4 14 6 18 12 3 
local 1046.0415 3 10 4 18 19 13 6 8 11 14 17 2 1 7 9 5 0 12 16 
local 1240.0612 1 17 0 19 7 9 8 14 13 3 5 6 2 11 16 18 10 4 15 
local 926.1515 17 16 6 5 8 1 0 2 12 3 4 18 13 19 10 14 7 11 9 
local 1074.849 4 0 12 19 3 2 13 18 16 15 17 6 11 5 1 8 10 7 14 
local 933.9465 10 14 16 13 9 15 19 18 6 11 17 4 8 2 12 7 1 3 0 
local 1229.9315 0 19 14 1 7 9 4 10 2 17 5 11 16 13 6 18 8 12 3 
local 944.29313 2 0 1 14 11 9 10 18 8 5 15 17 19 4 16 3 6 7 12 
local 1050.686 14 4 16 8 15 0 7 1 18 2 5 10 11 13 12 3 17 9 19 
local 978.5120 16 13 4 17 2 8 12 11 14 18 15 9 3 6 7 5 19 1 10 
local 947.7028 7 3 12 14 0 17 2 5 13 9 18 15 19 10 6 1 11 16 4 
local 1001.5414 1 5 12 11 0 17 9 13 15 18 3 4 16 8 6 19 10 2 7 
local 1027.6414 11 12 3 2 13 10 19 15 17 7 8 6 9 1 5 18 0 4 16 
local 866.3690 6 19 18 8 16 12 10 14 3 17 5 7 15 13 9 4 2 11 1 
local 1158.4919 10 17 16 15 6 13 2 3 0 8 9 18 1 5 11 14 4 12 7 
local 1096.0416 3 2 19 14 5 7 13 0 15 10 4 8 9 6 17 12 1 18 11 
local 918.81915 8 14 10 18 13 5 7 6 9 11 16 12 4 3 0 19 1 2 17 
local 1001.64 15 11 0 14 19 7 6 10 8 3 17 16 18 13 5 12 9 2 1 
local 1000.4617 3 16 0 11 14 13 15 10 7 9 4 1 19 5 12 8 6 2 18 
local 986.74519 18 7 5 10 12 0 1 13 8 4 2 3 11 17 14 16 6 9 15 
local 1102.023 14 17 15 1 4 13 12 19 8 16 0 18 10 11 5 9 7 6 2 
local 1006.374 3 12 14 19 5 18 7 8 13 1 9 17 2 6 15 10 11 0 16 
local 106615 17 1 8 7 2 4 5 19 9 10 16 18 3 13 12 14 11 6 0 
local 1042.6412 4 18 14 9 19 17 2 3 11 6 7 15 8 1 5 0 10 13 16 
local 1093.9518 3 11 19 17 16 1 10 15 5 7 9 6 4 0 14 13 8 12 2 
local 1172.8316 1 17 13 8 7 2 3 18 5 19 6 12 14 10 11 4 9 15 0 
local 1216.941 2 19 8 13 15 3 4 5 0 17 10 18 16 6 7 11 12 14 9 
local 1099.7616 0 5 17 18 1 9 12 7 13 6 15 19 4 2 14 3 11 8 10 
local 1068.648 11 6 14 5 12 19 9 7 0 10 16 2 13 4 1 3 18 17 15 
local 1075.153 5 12 1 18 0 15 4 2 9 8 13 19 7 6 16 11 10 17 14 
local 1039.640 19 18 15 16 5 8 11 2 3 7 14 1 10 9 4 6 17 13 12 
local 861.34915 7 11 6 9 13 1 10 3 8 5 2 0 12 4 17 14 16 19 18 
local 1116.1113 15 0 11 17 1 3 6 16 14 18 10 2 12 19 7 8 9 4 5 
local 1019.6910 5 14 9 0 4 6 3 8 16 1 2 7 19 18 17 15 11 13 12 
local 1134.8715 10 17 4 7 18 12 1 16 3 13 5 0 8 11 6 14 19 9 2 
local 1015.9311 13 15 2 3 5 1 4 10 19 14 7 6 17 9 8 16 18 12 0 
local 1039.065 3 9 1 2 14 15 16 18 12 11 10 6 8 7 19 17 0 13 4 
local 1002.5217 7 3 12 5 6 14 15 19 2 8 0 16 9 13 4 10 11 1 18 
local 1094.814 8 7 13 17 11 1 6 12 18 5 0 2 14 3 15 10 9 16 19 
local 898.2996 10 3 4 5 8 16 7 13 18 2 9 19 1 12 15 17 14 11 0 
local 935.8719 7 6 1 15 10 14 16 18 19 4 12 13 3 11 2 5 8 17 0 
local 914.64214 15 8 19 2 17 7 3 4 10 0 13 9 11 18 16 12 5 1 6 
local 979.92517 6 11 5 4 3 15 0 9 10 14 18 19 2 12 1 8 13 16 7 
local 1079.7416 18 13 8 14 12 0 4 6 10 2 17 19 5 3 7 9 15 11 1 
local 1098.7114 4 6 16 8 0 1 10 15 18 9 2 7 12 3 17 11 5 19 13 
local 1154.956 13 17 2 11 15 0 18 9 4 8 12 1 16 19 14 3 5 10 7 
local 909.7287 10 17 18 2 11 14 12 19 16 3 15 4 8 5 9 0 1 13 6 
local 1072.133 19 0 4 16 8 6 14 18 1 13 12 10 2 9 15 11 7 5 17 
local 1059.165 18 17 15 10 9 12 19 16 7 3 11 2 14 4 1 8 0 13 6 
local 1020.863 9 6 13 4 2 19 16 14 7 10 15 1 17 18 8 5 0 11 12 
local 991.3980 9 16 10 2 14 3 19 11 1 18 7 6 12 17 4 5 8 13 15 
local 967.130 3 17 16 8 18 5 19 2 1 4 10 9 15 14 7 6 12 11 13 
local 1139.715 11 8 1 7 16 5 6 14 18 0 19 3 2 4 13 12 9 10 17 
local 1202.6114 11 15 0 16 18 10 3 12 9 5 19 7 4 1 2 13 17 8 6 
local 9981 0 9 17 18 6 3 2 10 15 7 4 16 19 8 5 11 14 12 13 
local 1078.3814 4 16 11 7 12 15 19 13 17 0 8 10 3 9 1 6 5 18 2 
local 1250.4116 5 3 17 1 8 15 6 19 4 11 18 14 12 9 0 2 10 13 7 
local 848.70315 1 13 18 10 14 9 8 17 12 11 3 7 4 16 6 2 5 0 19 
local 1210.9311 5 9 15 14 4 8 18 3 13 16 1 17 7 19 12 0 6 10 2 
local 1230.6416 13 7 2 9 15 6 5 8 11 19 3 4 14 18 1 17 10 0 12 
local 1157.0215 17 13 14 5 4 3 12 16 11 10 0 2 1 6 19 9 8 7 18 
local 934.2414 5 3 0 13 7 4 8 16 12 19 18 11 2 17 9 15 10 1 6 
local 1107.0119 3 2 4 6 12 13 5 18 9 10 0 7 8 11 15 16 1 14 17 
local 1068.5310 7 9 4 18 14 3 5 13 15 1 6 2 0 8 11 19 12 17 16 
local 1082.330 1 12 16 17 11 7 9 15 2 6 4 5 3 10 18 13 8 19 14 
local 969.4362 12 16 13 14 0 7 15 8 5 4 18 19 1 6 10 3 17 9 11 
local 1090.733 1 2 15 8 19 4 6 11 9 7 13 12 17 18 0 5 14 16 10 
local 1081.818 6 18 5 15 13 9 3 17 12 2 1 10 4 11 19 16 0 7 14 
local 819.79819 0 11 1 6 13 10 14 17 2 18 15 16 8 3 5 4 9 7 12 
local 977.3080 11 4 13 7 6 3 5 12 9 1 17 2 14 8 16 19 15 18 10 
local 1034.917 14 3 5 6 13 10 11 12 2 4 9 17 8 0 15 16 1 19 18 
local 970.696 10 13 19 8 16 2 18 5 4 15 1 14 12 7 0 11 3 9 17 
local 1062.277 6 13 12 14 9 3 11 2 8 5 1 15 10 4 19 16 17 18 0 
local 1104.416 13 2 0 4 9 1 15 11 17 8 7 19 12 18 3 10 14 5 6 
local 1267.441 10 12 14 5 0 8 9 13 2 18 17 11 4 19 7 15 16 6 3 
local 1049.761 3 19 11 13 6 12 17 2 14 18 4 5 15 8 0 7 9 10 16 
local 900.3915 6 1 18 8 2 17 12 4 7 10 0 19 11 13 9 16 15 14 3 
local 964.5255 2 8 1 15 12 7 9 18 14 10 13 11 19 3 4 0 6 16 17 
local 964.79319 11 5 1 2 17 15 0 9 8 6 3 12 14 10 13 18 7 16 4 
local 1003.90 13 8 19 11 14 12 9 3 18 15 4 16 17 7 1 10 2 5 6 
local 1126.963 18 6 15 17 8 19 11 12 7 2 9 0 5 1 14 16 4 10 13 
local 1103.4614 5 9 0 15 2 4 7 1 17 8 13 16 3 6 18 19 10 11 12 
local 953.867 19 2 16 10 1 4 12 8 0 13 18 5 17 3 14 11 15 9 6 
local 1127.259 15 6 10 8 13 5 19 2 12 11 3 0 7 17 4 1 14 18 16 
local 1180.410 1 8 15 14 2 7 4 13 18 6 5 9 19 0 17 3 16 12 11 
local 1063.7211 3 14 12 5 16 17 1 10 15 0 7 9 2 4 13 19 18 6 8 
local 958.3145 11 4 10 7 6 9 15 17 3 18 13 0 19 16 8 2 14 1 12 
local 917.66312 6 3 8 15 14 5 18 0 11 19 4 9 10 13 1 17 16 7 2 
local 1061.143 11 17 7 19 5 15 13 16 0 14 2 9 8 10 6 4 12 18 1 
local 1071.0211 13 15 8 12 14 18 3 16 10 17 9 1 19 5 2 4 6 0 7 
local 1108.6514 19 13 10 15 9 2 6 5 18 4 1 11 3 7 12 0 8 16 17 
local 850.70214 16 3 10 7 12 9 6 15 19 5 18 1 17 8 4 2 11 0 13 
local 1119.961 3 0 5 16 10 18 11 7 17 13 19 9 6 15 12 14 4 2 8 
local 1185.920 16 14 2 11 15 5 1 17 19 8 6 7 9 13 4 3 12 10 18 
local 1014.1313 0 2 1 11 19 15 18 6 4 14 17 12 3 16 9 10 5 8 7 
local 1067.152 9 19 11 15 7 1 10 12 17 16 4 3 5 13 18 8 14 6 0 
local 912.4819 2 1 12 5 0 14 3 7 15 19 18 4 16 17 10 13 8 6 11 
local 950.7842 14 8 6 12 16 5 11 0 10 4 9 15 1 13 19 17 18 3 7 
local 947.0711 8 17 7 6 0 5 1 18 3 4 9 2 16 14 10 13 12 15 19 
local 1049.644 5 0 3 8 17 18 11 14 2 10 7 16 13 15 12 6 1 19 9 
local 1090.0716 15 1 14 6 17 9 5 12 8 3 19 10 7 4 11 18 2 13 0 
local 1070.6110 19 17 0 5 7 16 8 6 9 13 2 4 1 11 18 14 12 15 3 
local 833.84419 1 9 2 8 17 4 16 11 14 15 12 18 5 10 6 13 0 3 7 
local 896.38815 8 16 5 11 14 0 1 9 6 13 18 19 2 17 3 4 7 12 10 
local 1025.618 11 6 8 1 0 15 9 19 14 5 10 7 16 12 3 4 17 2 13 
local 915.97612 1 4 3 7 9 16 15 11 13 10 0 6 18 19 5 14 8 2 17 
local 1040.515 14 1 6 17 16 7 8 19 5 11 10 2 0 3 9 18 13 4 12 
local 1105.180 5 17 8 1 14 7 3 13 16 10 9 15 6 12 11 4 18 19 2 
local 1063.385 10 6 0 15 1 14 18 13 2 7 12 4 16 3 11 8 9 19 17 
local 995.27117 0 11 10 3 6 7 8 12 5 14 18 4 1 9 15 19 2 13 16 
local 966.17719 7 12 17 3 4 15 8 5 16 18 9 11 0 13 6 10 2 1 14 
local 1140.382 6 5 8 3 11 15 9 12 18 7 17 19 10 4 0 14 16 1 13 
local 931.8830 8 15 14 10 1 19 11 3 4 16 5 18 9 2 17 7 6 12 13 
local 1011.3815 6 12 2 17 14 0 19 16 8 18 13 3 5 7 4 10 11 9 1 
local 1207.1514 18 10 6 17 9 16 11 7 12 13 19 1 4 5 2 3 8 0 15 
local 1091.332 13 1 18 14 0 19 11 16 5 6 15 10 17 3 12 8 9 7 4 
local 997.12817 16 14 4 5 1 0 3 15 6 7 8 10 19 18 13 9 12 2 11 
local 1067.980 17 19 5 10 18 3 12 13 11 16 4 15 8 6 9 2 1 7 14 
local 1153.924 8 13 14 7 19 9 18 2 6 5 16 10 0 12 1 3 11 17 15 
local 969.3235 14 7 3 16 11 9 4 2 1 12 18 19 15 8 6 17 0 10 13 
local 1039.4814 9 5 11 3 16 17 8 19 4 6 10 1 15 12 13 2 7 0 18 
local 812.91 9 3 5 12 4 18 19 8 15 6 7 2 16 13 0 10 14 11 17 
local 974.6893 11 10 1 0 12 4 2 8 16 13 17 6 15 19 5 9 14 7 18 
local 976.58214 2 7 17 4 12 6 0 9 13 18 3 16 5 15 8 11 19 10 1 
local 918.25719 14 10 15 17 7 2 8 13 3 16 6 12 4 5 18 11 9 1 0 
local 1085.915 2 18 19 7 15 4 0 8 13 10 3 12 1 6 14 11 16 17 9 
local 988.0794 18 9 0 6 17 10 14 7 8 3 1 2 12 13 16 11 15 19 5 
local 1116.635 3 19 14 15 17 7 9 13 8 10 0 4 6 16 12 1 11 18 2 
local 1178.556 15 7 2 0 3 17 5 11 12 13 18 1 16 19 14 9 8 10 4 
local 1198.919 14 18 16 9 15 1 10 12 11 5 3 7 17 0 13 2 6 4 8 
local 1096.455 10 0 14 6 13 16 11 18 17 3 9 12 1 2 15 4 19 8 7 
local 931.50412 19 7 0 13 5 3 4 15 1 11 10 9 18 6 2 17 8 14 16 
local 965.35215 11 19 10 14 7 3 13 18 6 5 4 9 12 0 1 2 16 17 8 
local 904.0961 13 3 12 8 15 10 6 9 18 19 11 14 7 0 4 2 5 16 17 
local 1046.7316 1 0 14 19 10 7 11 17 15 4 6 18 13 9 2 12 5 8 3 
