local 2113.150 13 23 24 15 11 21 33 7 19 35 16 20 22 27 1 8 18 36 5 2 37 38 28 31 29 4 34 25 12 3 17 30 32 9 14 6 26 39 10 
local 2229.9818 33 10 22 3 30 16 34 31 20 29 1 4 11 2 8 36 39 9 15 0 21 24 26 37 17 35 38 13 12 5 27 19 28 23 32 14 7 25 6 
local 2301.6111 10 8 35 28 15 18 5 39 36 19 12 26 16 37 0 6 7 33 22 27 13 14 9 32 3 17 31 24 2 25 30 23 29 20 1 38 34 4 21 
local 2190.2936 30 3 8 13 2 18 20 33 14 0 26 11 34 10 9 39 27 37 28 38 31 32 21 6 12 23 35 4 7 15 1 19 16 17 25 24 29 22 5 
local 2029.3619 30 35 4 14 5 15 20 23 12 0 2 37 29 32 31 28 25 36 1 13 10 8 16 3 27 9 22 34 11 26 6 24 17 21 38 7 33 18 39 
local 1951.2935 1 0 23 22 36 18 11 9 13 33 10 3 21 32 6 16 15 27 12 37 25 7 34 26 38 2 20 39 30 5 28 24 14 17 31 29 8 19 4 
local 2362.9632 16 27 5 2 9 39 24 17 14 10 11 0 20 18 19 35 1 15 26 21 3 6 36 34 29 4 28 37 38 8 30 22 13 12 7 31 23 25 33 
local 2265.4337 5 36 33 19 11 18 39 8 32 6 27 2 28 22 15 20 24 7 38 10 31 34 13 3 16 29 26 25 30 12 17 1 23 35 14 0 4 21 9 
local 2192.365 23 16 8 2 14 9 36 13 18 27 31 38 25 33 7 35 4 0 30 34 17 24 10 1 11 20 32 19 21 3 15 22 6 39 37 12 28 29 26 
local 1981.0111 6 30 18 20 0 28 2 22 8 38 27 16 3 29 12 17 25 36 14 10 39 13 32 35 15 21 37 24 19 4 1 34 33 26 31 7 9 23 5 
local 2216.2234 11 24 6 17 33 1 30 35 12 9 10 4 5 19 28 32 7 23 39 3 8 16 26 31 22 38 2 14 37 18 13 36 15 25 21 20 29 27 0 
local 2266.1230 16 32 1 3 12 0 36 24 13 5 18 26 27 28 8 33 6 29 15 22 39 17 4 21 2 34 35 11 20 31 9 25 38 19 7 10 14 37 23 
local 2335.259 29 13 32 37 1 17 23 27 30 39 25 3 35 28 24 7 21 31 0 16 34 26 14 12 6 15 11 33 2 22 5 38 8 20 18 10 4 36 19 
local 1934.3116 8 29 27 19 32 2 0 22 1 11 31 5 23 30 28 12 9 13 10 18 21 6 34 3 17 24 36 26 35 33 39 4 25 20 38 37 14 15 7 
local 2233.2833 9 29 36 5 10 6 16 30 28 23 14 2 35 13 12 4 38 17 19 0 20 26 37 34 8 39 32 3 15 1 11 22 21 31 25 7 24 18 27 
local 1868.4518 17 22 27 26 11 15 13 9 36 39 12 38 29 1 34 16 24 25 33 32 35 30 28 3 7 19 5 2 20 4 6 31 23 10 14 21 0 8 37 
local 2040.4639 16 27 14 36 10 20 31 26 23 1 2 9 24 5 0 6 22 7 30 12 35 28 15 11 38 21 32 8 33 13 19 25 3 18 4 29 34 37 17 
local 2252.9535 10 13 14 6 15 12 7 5 3 37 28 33 4 2 22 39 32 16 29 8 9 18 0 38 31 21 27 25 17 23 19 26 30 36 11 20 24 34 1 
local 2180.6114 29 6 35 22 38 8 3 33 12 20 2 13 34 0 4 25 16 10 39 36 24 18 26 28 1 32 19 9 21 30 17 5 37 23 11 15 7 31 27 
local 2194.8814 4 27 39 18 20 3 26 5 1 7 32 35 13 17 33 31 38 11 8 9 19 21 16 34 37 25 30 29 24 2 36 15 6 12 28 0 22 10 23 
local 2553.541 9 25 31 29 35 36 10 16 21 8 34 2 11 23 37 26 0 5 13 22 6 32 38 33 27 39 17 18 30 15 4 19 7 14 24 12 28 3 20 
local 2356.538 30 18 31 7 2 36 32 17 34 12 29 28 38 21 33 39 6 11 16 10 27 22 1 25 37 0 20 4 35 15 19 9 3 26 13 24 23 5 14 
local 2104.6532 1 13 21 29 38 39 7 23 15 5 0 14 34 24 26 9 6 35 31 37 27 10 30 22 18 33 28 16 4 8 11 12 2 36 19 17 25 20 3 
local 2180.4719 23 31 1 24 28 9 38 27 36 14 16 11 18 4 22 2 33 29 34 20 17 8 26 30 7 37 0 32 25 6 10 15 12 5 3 35 39 13 21 
local 2342.6312 2 26 15 33 25 4 13 14 38 30 17 34 18 37 24 3 10 16 28 29 27 6 1 35 31 19 36 0 11 5 23 8 7 22 21 20 32 39 9 
local 2245.0216 38 11 20 35 1 27 18 8 0 21 31 37 32 2 7 9 34 24 30 17 6 14 13 4 3 36 25 33 12 10 29 39 23 28 19 22 15 26 5 
local 2219.6638 14 35 4 33 30 22 21 25 32 18 28 11 17 15 2 12 5 27 34 10 26 7 23 9 8 29 6 16 36 37 0 39 1 20 19 13 31 3 24 
local 2383.369 3 35 25 32 11 28 33 24 26 37 31 18 4 15 36 2 0 17 39 12 38 30 14 34 16 22 23 19 8 13 27 29 21 20 5 10 1 7 6 
local 2163.7332 37 23 8 33 4 3 16 28 14 0 27 9 39 17 1 13 21 6 22 38 31 30 15 26 29 18 24 20 7 10 5 11 35 36 2 19 34 25 12 
local 2060.7230 18 37 9 19 17 23 6 34 14 5 7 28 33 27 1 29 20 4 24 8 3 13 21 15 32 35 10 26 25 39 38 31 36 2 22 12 16 11 0 
local 1994.6911 17 2 13 39 4 24 6 35 12 14 20 10 33 31 32 7 25 21 37 16 26 22 9 1 29 0 28 19 8 5 23 34 15 27 3 38 18 30 36 
local 2069.7116 24 31 10 21 18 35 4 34 6 8 29 12 39 1 5 22 33 20 13 27 30 11 38 26 9 19 15 2 36 37 32 3 14 17 0 23 28 7 25 
local 1805.4515 13 3 37 8 31 12 9 35 0 33 20 39 1 21 26 10 38 24 22 5 28 6 2 11 16 25 4 19 27 14 30 29 36 18 34 7 17 32 23 
local 2055.3130 6 20 5 36 39 24 22 10 16 23 31 21 34 32 26 13 1 27 28 14 12 37 2 3 18 29 19 9 33 8 25 15 7 11 4 38 0 17 35 
local 2210.8930 34 33 9 7 13 1 28 0 18 32 4 2 15 37 27 39 23 6 31 29 24 20 10 16 17 22 12 38 36 35 14 26 19 25 21 11 8 5 3 
local 2287.9910 20 27 33 25 15 28 39 35 2 14 32 18 8 17 11 37 21 5 19 13 1 7 34 0 9 29 24 30 22 16 4 31 36 3 26 38 6 12 23 
local 2191.2926 4 25 2 0 20 14 16 35 8 13 24 32 36 17 11 9 28 33 30 1 34 15 10 6 7 5 27 21 38 22 3 19 31 18 12 23 37 29 39 
local 2289.41 33 26 5 34 24 13 21 16 25 35 27 7 29 20 17 23 32 15 36 28 11 8 18 4 14 37 22 9 0 6 38 10 39 30 2 12 31 19 3 
local 2062.4829 1 8 23 21 27 35 12 4 5 6 16 7 9 3 25 10 28 36 0 34 31 32 14 22 33 30 39 11 37 13 17 26 19 2 15 38 20 24 18 
local 2194.081 13 39 36 14 31 20 17 25 3 32 29 5 21 18 33 10 38 24 2 19 30 37 9 35 26 15 22 23 6 28 11 7 0 8 12 34 4 16 27 
local 2056.7532 5 3 39 28 1 9 22 31 4 12 21 6 7 19 10 17 0 13 23 35 15 34 30 38 33 25 27 26 29 8 36 16 24 14 20 2 11 18 37 
local 2426.068 29 22 6 26 38 9 7 14 12 23 32 27 35 13 37 18 30 3 39 15 10 36 20 31 34 33 0 17 16 1 24 21 19 25 11 28 4 2 5 
local 2233.2539 37 14 9 17 23 1 6 5 21 10 34 12 33 27 25 4 0 24 36 8 11 7 35 3 18 13 32 16 28 19 20 38 30 31 15 29 2 26 22 
local 2248.648 7 24 28 39 5 35 9 10 22 23 19 32 31 6 16 13 2 38 20 14 37 21 3 27 1 17 25 4 29 30 36 18 0 33 12 34 15 26 11 
local 2034.1324 7 36 28 15 38 33 35 25 16 6 2 23 20 31 39 11 21 18 1 5 12 14 4 37 9 17 30 19 8 27 29 26 0 13 34 10 3 32 22 
local 2255.6133 3 34 24 13 10 0 1 35 20 38 32 14 19 37 27 28 36 11 2 21 22 39 16 6 8 23 7 25 9 12 30 5 17 26 15 31 18 4 29 
local 2260.1632 0 9 35 37 1 14 20 18 22 19 24 39 33 26 2 25 23 38 31 28 10 6 34 16 5 12 29 27 7 30 36 15 13 11 21 17 8 4 3 
local 1983.746 10 24 8 37 0 28 35 20 1 17 19 38 34 21 2 5 7 30 16 3 39 12 9 36 25 11 31 22 23 27 13 14 18 29 15 26 4 33 32 
local 1966.1830 14 21 11 16 25 9 15 13 12 2 3 23 22 10 5 6 24 34 28 33 35 20 31 37 1 4 26 36 18 38 0 8 32 39 27 19 29 17 7 
local 2203.1820 10 29 16 18 4 6 14 8 30 1 22 27 36 34 28 23 31 35 21 5 9 37 24 12 38 32 19 13 3 33 25 0 15 17 26 7 39 2 11 
local 2138.7222 26 30 29 2 6 24 3 15 39 23 1 16 4 9 37 17 13 25 31 18 10 7 21 0 34 35 36 38 32 19 12 11 28 27 14 8 20 33 5 
local 1951.7835 13 5 24 6 8 27 4 37 19 2 31 26 25 1 20 10 3 30 12 17 28 7 33 16 11 21 9 32 38 14 15 22 34 23 0 18 29 36 39 
local 1813.0612 20 6 5 8 0 31 4 22 34 19 35 36 14 3 15 27 37 18 11 29 16 26 21 10 30 9 13 38 39 24 32 33 23 2 7 25 28 17 1 
local 2220.2929 30 15 39 14 33 10 3 9 4 24 18 20 16 34 12 28 2 25 26 37 19 31 11 6 23 35 17 0 1 8 38 7 22 32 21 13 5 36 27 
local 2150.432 36 25 14 26 22 30 4 6 13 21 31 37 1 24 3 35 38 29 28 34 15 7 9 19 20 10 8 16 17 18 5 27 0 23 12 11 2 39 33 
local 2450.3313 27 35 34 20 29 8 37 11 16 0 9 17 24 7 2 26 38 12 15 1 30 14 18 22 31 3 32 39 36 23 19 10 28 25 5 4 21 33 6 
local 2197.526 38 5 2 32 13 0 26 36 1 20 15 18 24 35 12 17 14 23 28 25 9 37 16 30 29 4 39 8 27 11 31 22 34 3 21 19 10 33 7 
local 2309.466 18 10 25 5 7 39 32 24 30 12 26 27 28 35 33 36 20 19 0 17 29 16 9 22 34 23 1 31 21 38 2 11 4 37 8 3 13 15 14 
local 2307.761 6 35 32 15 2 36 38 3 29 31 33 27 23 16 5 11 24 12 18 4 10 28 21 19 0 25 26 34 7 20 39 13 22 17 14 8 9 30 37 
local 2259.129 23 0 28 32 35 17 24 18 9 5 39 20 7 36 19 15 13 4 3 21 12 2 37 38 26 1 22 30 10 27 6 14 11 16 25 31 34 8 33 
local 2100.0128 7 33 21 12 3 0 38 22 2 8 17 20 15 30 39 36 19 4 6 16 25 23 37 5 11 35 26 13 24 31 1 34 32 29 18 10 14 9 27 
local 2447.1831 1 26 36 19 27 15 11 34 20 14 35 29 33 24 28 32 25 17 3 0 18 12 7 8 10 6 38 23 13 4 21 37 5 39 16 9 2 30 22 
local 2010.0332 26 12 2 16 30 6 28 9 15 37 27 22 19 34 33 25 8 0 18 35 10 17 14 4 24 23 13 36 31 5 20 3 21 1 39 29 7 11 38 
local 2408.2229 10 4 27 26 9 24 11 0 19 38 35 34 17 3 31 33 1 25 6 39 23 22 5 2 32 16 18 13 8 30 20 14 28 15 7 36 21 12 37 
local 1892.8721 14 16 5 36 28 37 26 22 27 24 35 25 17 15 32 6 12 8 3 20 0 1 4 2 31 9 29 11 18 7 10 13 23 30 38 33 19 39 34 
local 2156.055 24 32 26 28 31 10 4 9 7 1 34 37 39 18 14 12 17 13 33 23 21 22 35 8 15 6 3 0 29 27 19 2 16 38 20 25 11 36 30 
local 2468.2216 12 36 8 29 23 13 24 33 19 2 0 3 22 31 35 20 21 10 14 39 11 9 17 26 1 30 34 37 6 38 15 18 28 5 25 7 4 27 32 
local 2262.441 21 6 25 12 7 3 23 20 9 14 30 16 17 13 0 35 36 5 2 27 34 18 19 26 33 11 31 32 22 24 29 37 28 8 4 10 15 39 38 
local 2389.6613 20 25 38 14 32 2 35 30 31 27 6 21 19 34 8 33 36 24 17 10 26 16 5 4 29 23 9 22 28 11 12 7 15 18 39 0 37 3 1 
local 2088.7833 26 2 0 4 14 24 28 16 32 13 1 38 12 9 23 21 27 11 3 8 30 5 34 25 20 7 29 19 22 10 37 31 6 39 17 35 36 18 15 
local 2198.983 6 38 21 25 8 22 34 2 4 36 19 13 24 39 16 23 32 18 9 11 26 0 5 28 1 37 17 12 27 30 20 14 31 33 29 10 35 7 15 
local 1845.5111 3 15 14 29 22 9 13 36 25 12 18 16 37 31 10 34 1 39 38 0 17 6 21 5 7 35 20 4 28 26 23 32 2 30 33 19 27 8 24 
local 2213.771 26 15 37 21 0 22 13 38 35 5 12 28 30 32 11 6 34 19 3 23 8 10 9 18 2 39 31 14 27 16 29 20 25 4 17 36 24 7 33 
local 2298.3329 9 18 27 0 16 28 8 13 32 31 20 26 5 22 34 37 14 21 33 3 39 17 36 30 2 24 1 6 11 19 38 25 7 23 15 10 35 4 12 
local 2386.5819 31 12 0 14 23 5 38 21 3 13 11 4 39 30 36 35 17 27 20 2 8 28 16 34 22 18 24 33 7 26 25 29 10 9 37 6 15 32 1 
local 2179.8723 5 28 24 7 31 34 20 14 2 15 17 0 16 25 12 39 27 3 33 8 1 18 30 11 26 29 35 37 10 38 19 4 13 36 9 22 6 21 32 
local 2155.1925 12 5 15 29 27 2 37 21 17 39 26 0 7 36 10 11 9 24 20 23 31 13 6 3 1 35 33 14 19 34 22 4 28 30 16 18 32 38 8 
local 2150.7122 25 30 15 0 28 35 10 31 13 33 8 17 38 3 12 34 2 19 29 16 39 7 14 6 18 4 26 1 9 24 21 11 23 27 32 20 5 36 37 
local 2072.229 32 5 18 12 23 14 13 0 39 17 35 28 4 22 37 20 31 8 19 21 2 16 25 36 30 38 10 27 15 33 9 3 26 11 1 34 24 6 7 
local 2361.680 31 27 2 21 30 29 1 34 38 32 26 28 37 9 17 13 39 8 5 33 20 22 4 7 15 35 14 11 24 18 16 10 23 36 6 19 25 12 3 
local 2194.555 19 39 22 29 9 15 17 18 32 4 26 23 25 11 30 10 6 3 33 16 8 21 0 13 20 34 12 27 35 2 38 24 36 37 7 1 28 14 31 
local 1890.354 28 16 9 22 31 30 17 10 12 2 14 23 19 11 36 26 25 8 34 5 1 37 27 18 20 7 21 38 3 24 29 0 15 13 6 33 32 35 39 
local 1884.619 10 7 4 13 33 36 18 25 24 1 11 27 15 19 22 30 23 39 2 6 35 21 34 26 37 29 8 32 28 17 14 16 12 0 31 38 3 5 20 
local 2028.4520 38 34 18 6 10 32 5 31 11 19 8 27 36 30 14 24 21 23 22 39 17 29 7 28 37 16 13 9 2 35 4 1 25 15 26 33 0 3 12 
local 2205.9431 16 32 8 20 26 29 10 12 5 4 34 39 27 13 28 0 19 33 21 38 1 9 15 17 7 35 6 3 11 25 30 14 36 2 23 24 37 22 18 
local 2118.5725 1 7 5 11 14 30 28 17 21 12 16 27 33 36 32 3 37 10 26 35 34 9 19 8 4 18 2 39 0 31 6 22 20 23 29 38 13 24 15 
local 2354.410 11 35 13 7 27 8 10 21 29 4 5 25 15 20 6 3 28 2 12 19 30 26 14 18 16 34 38 33 22 1 32 24 36 23 31 17 9 39 37 
local 2059.6934 35 21 18 17 7 8 11 20 6 24 1 19 30 14 3 36 26 28 4 39 27 32 37 23 10 5 15 25 16 38 29 31 9 33 12 13 22 2 0 
local 2019.584 13 8 14 3 19 28 1 5 36 34 30 38 35 9 26 12 7 16 33 20 6 17 10 11 21 39 31 23 24 0 25 18 29 22 37 27 15 32 2 
local 2165.1631 12 24 22 34 28 5 37 30 29 35 18 14 17 36 26 8 10 11 39 4 38 16 15 7 9 1 0 27 32 33 19 21 2 25 3 23 6 20 13 
local 2199.824 27 25 37 1 2 3 18 29 21 6 26 38 31 33 35 16 23 8 19 10 36 34 24 5 9 20 17 15 11 0 28 30 39 12 14 7 32 22 13 
local 2319.231 34 39 9 17 36 35 20 21 14 29 28 24 15 32 8 2 18 16 0 12 11 33 19 27 4 10 38 22 26 25 5 30 7 3 13 23 31 37 6 
local 2229.0111 29 13 3 31 20 14 4 30 25 18 33 38 22 23 24 2 32 12 19 34 1 9 7 6 36 37 28 39 15 26 8 21 35 17 0 16 27 5 10 
local 2214.752 18 5 8 24 21 36 38 10 27 6 39 12 9 4 1 32 26 37 29 23 31 30 0 20 16 14 22 28 3 33 15 17 35 11 25 19 34 13 7 
local 2338.8728 3 13 34 5 22 6 26 2 20 35 33 27 7 4 9 14 37 0 24 39 1 30 10 17 12 16 18 11 23 36 8 32 19 25 38 31 29 21 15 
local 2083.5811 4 37 38 12 30 9 27 6 22 0 39 1 34 21 16 35 10 33 5 24 3 29 20 26 2 19 13 7 28 23 14 8 32 18 36 31 15 17 25 
local 1841.0211 5 38 28 30 34 8 14 22 21 10 32 24 7 26 18 19 16 9 31 13 35 27 6 20 23 37 25 17 0 33 2 15 36 39 1 29 3 4 12 
local 2319.0838 28 37 32 15 29 25 4 19 7 6 1 10 30 36 12 13 0 22 2 9 16 20 34 26 33 14 31 17 8 23 5 3 21 18 35 24 39 11 27 
local 2193.0525 39 14 23 0 5 22 3 28 38 13 12 1 35 9 33 26 8 36 17 10 31 11 30 34 27 7 15 2 16 4 24 29 32 20 21 6 18 37 19 
local 2244.942 27 4 24 14 30 16 17 10 36 39 13 20 37 9 32 11 31 8 38 0 21 12 34 18 5 1 7 6 35 3 26 19 33 29 22 15 25 28 23 
local 2182.5534 29 26 39 24 14 9 11 30 25 13 20 10 36 12 32 33 22 3 19 17 38 37 8 5 6 23 4 27 7 2 35 15 21 1 0 28 31 18 16 
local 1957.1610 32 30 7 37 36 15 20 19 13 9 31 14 25 29 23 16 18 26 2 5 39 6 17 24 22 28 3 27 11 1 35 34 12 21 33 0 4 38 8 
local 2083.583 1 37 4 18 11 35 27 2 39 21 10 32 8 15 12 31 38 7 17 0 6 26 30 24 14 23 5 36 13 25 20 19 29 22 28 34 9 33 16 
local 2328.4625 24 11 9 39 10 23 1 27 0 38 28 3 26 8 7 4 35 16 21 37 18 19 6 36 14 17 2 33 12 30 32 13 5 20 22 34 29 31 15 
local 2271.7822 37 9 5 3 27 34 36 18 1 15 0 10 25 21 8 33 4 19 14 7 20 12 23 35 29 13 2 30 38 32 24 11 28 26 17 39 16 6 31 
local 1923.0121 10 26 33 5 39 35 9 23 8 22 28 13 25 2 24 34 17 1 12 0 14 29 18 7 38 36 16 30 15 19 11 31 32 6 27 4 20 3 37 
local 2164.2132 9 23 6 33 38 25 24 20 16 10 0 26 13 28 27 18 36 2 14 22 21 8 35 37 39 31 5 19 3 7 15 34 4 29 12 17 11 30 1 
local 2126.2418 17 1 0 22 13 8 15 33 35 24 29 20 3 5 21 4 31 32 26 38 10 19 11 14 39 2 9 6 27 25 16 28 36 30 7 12 34 37 23 
local 2214.9721 13 38 5 6 7 33 39 9 29 17 3 19 22 2 14 37 28 27 10 31 0 30 15 8 26 11 20 34 1 23 24 18 4 16 36 32 12 35 25 
local 2257.0136 26 24 6 17 32 0 8 22 29 2 35 16 20 34 37 1 39 11 14 5 18 27 38 21 23 31 30 28 12 25 7 19 33 15 13 3 4 9 10 
local 1933.127 9 15 3 27 17 34 24 36 31 32 18 19 5 2 37 39 26 33 11 4 20 30 13 10 12 21 6 1 8 14 0 29 28 23 35 16 22 25 38 
local 1970.0118 38 30 34 5 23 22 25 2 26 7 6 4 11 13 8 31 10 12 35 28 16 32 19 36 37 24 14 39 3 29 17 15 1 27 9 21 33 0 20 
local 2335.426 37 8 35 28 21 14 39 13 12 17 3 18 24 32 22 36 16 23 7 0 1 10 2 9 38 6 4 31 11 25 34 20 5 33 29 15 27 30 19 
local 2161.853 32 39 1 20 29 9 34 4 23 21 10 11 28 14 5 36 25 37 12 18 31 6 13 27 8 33 26 30 35 19 24 38 0 7 17 2 16 22 15 
local 2016.6717 31 24 14 29 22 38 27 37 13 3 9 11 26 2 23 10 35 12 18 6 21 7 19 39 34 33 28 16 8 36 1 5 15 30 4 20 32 25 0 
local 2127.8535 28 27 37 10 21 7 4 0 33 9 17 34 31 39 13 29 30 32 19 22 12 26 14 36 2 11 15 8 1 18 5 25 20 16 24 23 3 6 38 
local 2136.1334 18 9 33 13 4 24 11 26 32 8 29 30 31 14 3 6 1 23 15 28 2 7 0 19 37 27 12 16 20 22 21 35 39 25 17 10 38 36 5 
local 2084.9734 10 27 16 3 12 6 11 25 28 17 32 20 18 19 14 33 35 8 22 38 26 24 2 36 0 21 37 29 39 13 5 7 4 1 30 15 31 23 9 
local 2180.0227 10 26 22 0 34 18 37 11 29 6 7 31 33 24 1 39 35 38 12 9 23 32 3 20 16 21 2 17 8 30 4 25 28 14 13 15 36 5 19 
local 1980.816 6 18 22 38 36 11 19 17 27 4 1 14 12 20 10 13 33 8 34 29 28 35 9 7 30 37 15 2 24 32 5 26 23 25 21 31 0 39 3 
local 2222.720 1 38 8 11 31 7 27 21 12 5 13 17 34 25 4 18 9 32 35 24 19 39 28 26 37 2 16 30 33 6 36 10 0 3 15 14 23 29 22 
local 2188.828 7 12 5 27 31 36 19 22 32 23 10 33 25 13 14 18 24 39 17 20 15 8 21 2 34 35 3 38 6 1 37 30 11 16 29 26 9 4 0 
local 1886.3638 36 31 9 5 19 25 2 13 18 4 23 8 20 0 11 32 21 26 15 33 34 28 39 14 17 16 24 27 22 3 30 12 10 7 37 29 1 35 6 
local 2104.242 10 24 7 30 5 14 32 8 21 29 15 13 35 18 23 31 28 19 0 1 25 38 22 37 12 33 6 16 4 34 39 20 3 27 36 9 11 17 26 
local 2260.5931 15 18 20 21 35 28 9 4 29 24 37 19 33 17 8 14 13 25 23 22 2 10 16 36 32 5 0 12 30 11 34 27 26 39 1 6 3 38 7 
local 2323.7724 31 29 15 20 1 10 35 36 18 8 38 23 37 3 21 34 16 4 6 25 32 22 27 28 2 0 30 33 14 5 11 17 9 13 39 12 19 26 7 
local 2033.4711 4 21 31 3 39 36 34 20 25 17 27 16 6 37 32 8 19 5 30 23 24 29 26 35 12 7 10 14 33 28 15 38 0 22 13 2 9 18 1 
local 2117.935 38 39 32 24 2 29 6 3 34 36 18 17 12 9 25 26 13 33 8 7 30 14 15 27 1 19 16 28 21 0 23 4 10 20 22 37 35 11 31 
local 2274.8330 26 23 19 18 10 37 38 4 25 5 6 12 8 22 0 13 35 24 34 29 3 31 2 21 27 15 14 11 1 7 36 33 39 20 28 17 32 16 9 
local 2271.9230 11 7 8 20 6 13 29 27 35 4 26 2 5 25 31 21 16 39 1 14 22 28 10 19 3 12 38 0 33 9 32 24 17 23 18 37 36 15 34 
local 2134.8439 2 17 7 1 33 18 27 34 20 9 15 8 25 37 29 22 30 14 12 35 32 10 0 26 21 3 6 24 28 16 31 38 23 13 19 5 4 36 11 
local 2431.527 27 16 34 30 23 39 17 32 6 33 24 26 37 0 1 15 18 8 20 25 9 4 19 10 22 35 31 29 12 21 3 11 2 5 38 13 14 28 36 
local 1879.8926 8 20 37 29 18 24 36 15 27 32 13 31 19 1 2 0 25 22 35 14 6 16 9 5 28 34 10 12 3 23 4 39 11 17 33 38 21 30 7 
local 2021.1614 9 13 25 30 20 22 37 38 17 6 28 10 19 3 5 1 33 34 4 16 15 2 8 31 18 21 36 39 23 12 7 0 29 11 24 27 35 32 26 
local 2309.831 27 21 38 37 10 24 5 39 19 4 11 28 18 35 36 17 26 22 6 9 34 32 3 20 25 13 14 15 2 16 7 29 8 12 0 33 23 1 30 
local 2140.527 31 1 13 26 39 8 37 16 12 5 2 15 9 11 0 24 4 19 25 36 6 17 14 34 10 30 38 22 21 29 20 23 35 18 28 3 32 27 33 
local 2315.7219 30 17 1 24 7 38 26 4 35 20 3 0 34 11 8 28 6 18 12 27 2 10 37 15 36 39 31 16 14 33 25 22 29 21 23 9 5 32 13 
local 2257.156 34 23 38 25 17 21 33 4 28 11 9 20 27 22 37 10 15 5 1 3 36 13 12 16 0 8 29 2 26 18 35 31 30 14 19 39 7 32 24 
local 2134.37 29 37 2 36 27 14 30 15 23 0 21 34 22 3 11 26 5 16 6 31 32 12 24 10 20 4 18 9 17 38 8 39 13 25 33 28 35 1 19 
local 2271.0213 37 12 36 33 35 11 23 18 26 8 30 9 6 1 17 27 21 3 32 25 28 7 20 0 24 16 22 34 39 5 19 14 2 15 10 38 29 4 31 
local 2229.832 22 17 23 38 15 8 26 12 25 39 37 27 30 0 16 6 34 31 36 5 19 9 14 33 10 29 35 11 18 4 1 32 7 20 3 21 24 13 28 
local 2115.294 10 29 11 17 26 36 7 1 24 21 34 16 15 32 33 39 6 3 22 5 37 25 19 20 30 9 28 12 0 38 8 14 31 35 2 13 18 23 27 
local 2136.7322 13 6 10 29 16 34 24 37 36 32 23 19 17 26 8 35 31 25 15 4 11 33 9 0 39 21 18 5 14 20 3 2 30 28 1 27 38 7 12 
local 2013.0517 28 35 34 2 12 5 22 13 29 21 32 7 36 38 33 4 6 23 25 37 31 26 3 39 11 18 14 27 19 24 30 10 20 1 8 16 15 0 9 
local 2179.493 22 34 6 18 5 27 0 37 35 31 24 8 39 19 11 10 30 32 20 12 15 29 1 14 7 9 26 38 13 23 36 2 25 33 4 16 28 21 17 
local 2097.6816 23 25 9 12 6 26 35 7 29 37 13 30 4 27 18 20 32 31 34 8 33 10 21 39 17 24 11 38 28 1 15 36 14 19 3 22 0 2 5 
local 2351.134 2 7 22 29 33 35 21 18 24 27 26 15 0 10 37 23 25 9 13 30 31 8 32 17 20 11 19 6 12 4 5 39 28 16 38 3 1 14 36 
local 2407.453 36 28 24 33 0 31 11 30 37 7 25 16 35 12 2 23 21 39 9 32 13 1 10 19 20 27 4 38 34 26 8 17 6 15 18 14 29 22 5 
local 2405.2529 8 1 14 36 3 6 9 7 24 15 31 30 0 28 17 22 5 23 13 11 2 4 12 25 26 21 27 34 10 19 32 38 35 20 18 33 37 39 16 
local 2051.6726 14 31 30 37 9 25 1 0 15 24 27 16 20 4 10 22 21 23 19 36 17 7 8 33 2 11 29 5 32 13 35 6 3 38 12 28 39 18 34 
local 2209.2512 23 15 29 9 21 31 28 11 39 14 13 37 10 30 2 33 19 17 24 4 22 7 16 3 1 32 18 27 25 36 5 6 26 34 35 20 0 38 8 
local 2434.3814 23 21 16 26 25 6 8 20 18 2 17 35 39 24 4 7 29 15 37 32 1 28 10 0 13 12 27 3 30 19 34 22 38 33 11 31 36 5 9 
local 2080.756 7 18 4 39 2 19 8 5 32 30 25 35 9 15 14 36 38 37 31 10 3 11 34 29 22 24 21 27 16 20 1 12 13 26 23 17 28 33 0 
local 2082.9916 18 6 14 22 37 11 7 13 38 12 39 35 8 20 36 33 17 9 5 21 1 2 29 15 23 0 28 32 26 19 3 34 31 25 27 30 10 4 24 
local 2208.9526 25 34 2 7 37 24 27 15 12 1 0 16 18 9 35 31 4 29 39 17 21 20 11 38 14 32 5 19 33 36 10 28 23 30 8 3 13 6 22 
local 2240.7112 1 32 31 24 38 26 11 6 23 10 17 13 33 2 5 37 34 19 25 16 36 27 4 35 9 22 0 20 39 14 21 15 30 29 7 3 28 18 8 
local 2245.9733 25 20 30 16 38 29 11 13 4 34 12 8 0 6 10 39 2 27 9 18 19 28 3 17 22 24 37 35 23 36 26 5 7 14 32 21 15 31 1 
local 2182.4515 25 11 33 8 20 35 34 7 28 32 5 6 23 17 37 18 38 0 9 31 19 10 16 24 21 26 29 12 3 30 22 2 36 14 1 13 4 27 39 
local 2166.5626 27 32 31 24 10 25 12 1 4 11 23 30 6 16 13 22 29 18 19 34 9 7 33 36 35 28 17 39 8 21 0 2 3 37 20 38 15 14 5 
local 2347.0927 5 20 28 31 29 24 0 2 23 37 33 4 3 11 13 30 19 25 35 9 12 32 26 8 34 14 6 38 39 15 21 10 1 18 22 7 16 36 17 
local 2149.081 11 31 23 10 5 8 2 4 26 20 22 25 7 3 18 6 17 15 32 39 14 0 30 24 16 38 35 9 21 34 19 36 13 28 27 33 37 12 29 
local 2302.1230 39 16 23 34 35 11 24 3 17 13 29 36 7 27 31 10 20 33 19 6 38 25 15 12 32 22 28 0 14 5 4 37 2 21 26 1 18 9 8 
local 2406.8412 20 19 16 10 37 34 38 27 30 8 29 5 24 14 21 15 2 3 0 6 9 39 22 28 13 25 35 26 4 32 18 7 33 17 11 23 36 1 31 
local 2257.226 17 25 3 27 33 19 28 36 0 32 1 23 21 39 31 35 13 5 16 29 4 9 20 37 11 38 18 30 2 34 15 12 26 22 7 24 14 8 10 
local 2236.013 35 27 15 13 11 2 34 33 16 38 39 19 22 20 21 31 6 4 25 1 9 10 24 12 17 36 8 30 29 18 32 0 14 23 28 5 37 26 7 
local 2197.0613 22 30 12 37 18 3 0 7 28 31 19 27 8 32 38 2 33 11 14 34 36 4 5 6 23 26 29 25 15 21 39 10 1 9 16 20 24 17 35 
local 1939.2412 38 7 29 3 30 21 13 9 14 37 31 26 22 25 16 5 2 36 19 8 34 10 33 18 1 24 6 23 39 17 35 20 27 32 28 0 11 4 15 
local 2108.6511 24 1 25 2 14 13 22 30 17 18 29 34 27 6 37 15 19 23 26 35 3 20 0 33 10 16 8 4 31 32 39 5 21 28 36 7 9 38 12 
local 2188.235 19 4 17 13 39 1 26 37 20 21 12 36 2 18 27 7 34 16 25 15 8 22 31 0 35 30 29 14 28 6 32 10 9 24 11 33 3 23 38 
local 2275.31 6 34 36 21 11 12 22 14 28 38 30 35 5 3 32 18 9 15 0 29 13 23 24 37 33 26 27 2 20 16 8 17 25 7 10 4 31 39 19 
local 2128.6626 17 32 7 14 27 0 28 10 3 8 22 30 36 39 12 34 5 31 24 23 1 21 2 19 4 38 20 33 16 15 11 18 6 35 25 37 13 29 9 
local 2033.9619 11 32 29 6 24 8 36 7 15 17 1 38 39 34 16 31 14 26 37 22 4 30 28 10 13 20 18 25 35 2 12 3 5 27 0 9 23 33 21 
local 2305.3713 9 23 38 6 15 4 37 28 14 5 21 29 25 1 31 30 2 16 10 11 8 20 7 27 36 32 19 39 35 17 34 26 3 12 24 33 0 22 18 
local 1909.660 17 8 28 5 32 20 16 39 3 27 7 37 25 29 23 1 18 11 19 26 35 24 14 22 30 38 21 13 10 15 36 34 2 4 31 9 6 33 12 
local 2098.525 34 3 21 24 36 20 15 18 32 22 7 13 16 11 38 26 2 8 6 31 4 9 17 37 27 35 1 23 5 10 30 33 28 29 39 14 12 0 19 
local 2339.320 38 11 10 22 26 17 39 24 1 33 25 15 35 0 34 32 6 18 3 36 28 9 21 31 7 27 8 2 14 16 13 29 23 12 19 5 37 30 4 
local 2088.9337 20 19 10 6 1 8 33 11 9 32 7 5 30 4 14 23 21 28 12 24 25 38 36 13 34 2 17 16 27 18 3 31 22 39 0 29 35 26 15 
local 2165.2527 29 34 7 6 37 26 11 4 1 16 17 3 12 9 8 36 38 33 13 24 28 0 2 10 5 20 18 14 23 35 39 31 22 25 15 19 30 32 21 
local 2272.7329 19 0 2 36 14 1 8 38 5 28 34 26 6 16 31 37 9 18 10 20 30 39 23 3 7 12 11 17 32 35 25 22 13 27 21 15 33 4 24 
local 2371.8939 28 34 24 1 13 29 20 22 26 35 21 14 11 3 23 15 19 38 10 17 25 5 18 30 31 8 0 9 27 4 2 32 16 7 37 36 6 12 33 
local 2085.535 12 0 6 29 37 25 16 21 14 26 19 17 39 18 34 15 31 32 30 22 35 8 9 10 33 1 2 3 23 20 27 28 38 7 24 11 36 4 13 
local 2005.0710 34 26 17 8 15 14 22 6 13 36 28 3 9 0 7 5 19 11 38 4 20 25 30 16 21 31 23 18 1 27 12 37 24 2 32 39 29 33 35 
local 1765.7128 35 7 9 6 31 20 5 16 1 36 22 19 25 26 38 0 18 14 2 24 21 34 10 32 33 15 23 39 13 8 4 37 29 11 17 3 27 12 30 
local 2180.1139 34 32 24 37 13 31 3 30 28 18 16 38 7 1 36 35 19 2 4 25 21 5 33 17 23 15 10 9 29 26 11 22 12 20 27 6 14 8 0 
local 1980.7428 21 2 27 19 38 6 3 37 13 31 9 26 8 7 15 35 24 14 18 17 22 23 4 36 29 0 34 5 33 20 16 39 12 1 10 11 25 30 32 
local 2112.126 4 5 18 0 9 29 35 1 22 37 30 39 12 19 23 8 36 2 33 7 3 6 14 10 13 15 17 34 20 28 32 21 27 16 31 24 25 11 38 
local 1987.6620 29 27 8 15 39 24 34 0 25 28 35 6 37 12 36 18 11 1 17 30 7 23 13 16 26 19 21 32 38 4 2 9 33 22 3 10 14 31 5 
local 2285.0531 23 36 21 27 2 32 9 12 5 33 6 14 38 20 19 26 16 3 0 1 28 30 13 24 35 11 4 18 8 17 15 25 10 39 7 37 29 34 22 
local 2172.6537 27 14 34 39 15 19 33 2 1 7 29 11 24 25 21 18 10 3 8 9 31 28 16 30 20 12 23 5 32 22 6 38 4 13 36 26 0 17 35 
local 2153.4927 32 38 31 23 17 35 1 0 36 11 30 39 9 33 19 24 8 28 13 29 18 21 25 7 6 16 26 22 10 15 14 3 34 5 2 12 20 37 4 
local 2357.9637 6 39 7 36 15 5 4 32 3 19 30 34 10 2 26 27 1 28 22 38 23 0 35 20 24 11 33 21 25 14 17 8 29 16 9 12 18 13 31 
local 1857.7134 1 24 33 9 31 15 25 39 4 8 2 11 26 3 27 37 17 30 7 10 20 13 21 36 32 22 35 0 18 23 6 29 19 16 14 38 28 12 5 
local 2377.3520 10 14 26 6 19 38 28 21 24 25 35 36 32 23 18 30 5 27 11 15 31 4 2 1 39 9 29 16 34 37 7 8 3 33 17 22 12 13 0 
local 2262.8234 27 38 32 26 7 36 18 13 22 2 37 35 1 23 15 33 30 31 5 9 12 39 4 3 29 10 17 21 14 20 6 24 25 28 16 19 0 11 8 
local 2433.430 24 28 26 8 5 17 23 27 30 2 16 20 9 11 19 35 37 18 39 22 7 3 33 25 10 6 12 29 15 21 34 36 13 31 14 1 38 32 4 
local 2200.6118 5 34 32 20 8 28 25 29 16 37 15 30 35 36 21 22 0 17 26 2 13 9 39 10 11 27 38 24 6 31 7 19 3 23 4 33 1 12 14 
local 2384.522 39 17 23 24 19 31 2 11 8 10 4 6 36 3 27 13 21 18 14 20 33 38 16 29 30 37 34 26 5 15 25 28 1 9 0 7 12 32 35 
local 1972.434 6 8 37 14 10 24 34 3 32 20 9 2 35 27 15 18 25 17 36 28 26 38 1 29 16 5 39 31 23 12 13 7 33 21 22 0 30 19 11 
local 2229.5421 27 25 30 39 29 31 0 33 9 23 16 37 24 2 32 1 28 17 12 6 7 22 13 35 15 36 20 11 34 3 38 19 5 18 14 4 10 8 26 
local 1905.4921 2 8 22 26 20 31 32 28 33 17 18 9 36 27 6 10 3 12 38 24 13 23 4 35 1 0 25 14 37 5 30 34 29 15 16 19 11 39 7 
local 2029.1217 29 1 12 9 39 14 33 35 5 4 20 30 21 26 23 28 24 15 25 16 31 18 34 38 27 13 2 3 0 7 8 37 10 19 22 11 36 6 32 
local 2259.569 24 12 22 7 36 23 35 15 0 26 20 18 38 17 6 27 14 29 31 5 11 28 4 2 32 3 19 13 33 30 21 34 37 8 25 10 1 16 39 
local 2214.1517 36 3 22 20 27 18 2 1 32 28 39 31 13 37 5 8 11 12 14 23 6 24 7 0 16 33 34 26 29 19 10 15 25 9 4 35 30 21 38 
local 2134.8637 39 12 18 31 32 34 1 7 10 30 24 0 15 6 38 9 35 23 3 13 27 33 8 29 36 19 26 16 2 4 20 17 22 25 11 21 5 28 14 
local 2323.8825 11 39 8 19 24 7 32 22 35 29 16 30 18 12 9 15 1 23 37 20 3 6 34 26 5 2 31 0 4 10 17 38 14 36 21 33 28 27 13 
local 2249.4331 17 23 32 11 24 35 6 37 26 0 7 5 39 28 19 15 29 30 22 33 12 8 25 1 3 38 20 4 34 36 2 9 16 27 14 10 13 18 21 
local 2172.431 7 4 25 18 0 10 20 21 34 26 32 6 35 13 5 16 33 3 12 31 24 30 2 15 23 19 8 17 22 38 28 11 9 29 27 37 14 39 36 
local 2372.326 8 18 9 21 38 6 30 32 0 39 25 11 2 17 27 28 19 16 31 22 5 23 14 20 10 33 3 13 24 12 15 1 7 35 37 29 34 4 36 
local 2190.1319 7 5 24 3 18 22 23 10 36 12 1 38 17 32 28 13 6 27 26 11 20 29 8 35 4 2 34 31 30 0 21 14 37 15 39 33 25 16 9 
local 1922.462 0 13 7 38 26 17 22 9 6 12 32 35 25 27 16 20 37 30 1 11 15 3 33 8 31 19 21 24 5 34 10 28 4 36 18 29 14 39 23 
local 2167.0119 4 24 26 5 28 8 35 2 29 12 18 3 20 25 34 32 16 37 33 11 7 15 0 21 6 36 30 10 22 17 13 31 9 23 14 1 39 38 27 
local 2005.914 12 10 35 19 36 31 23 20 6 15 7 25 14 18 8 37 3 29 38 30 27 34 26 5 22 0 21 1 16 11 17 2 39 28 33 13 24 32 9 
local 1884.211 19 39 36 28 0 37 22 18 17 33 23 15 12 32 3 31 6 21 13 5 16 4 1 9 34 10 30 14 26 35 38 20 8 29 2 7 25 27 24 
local 2124.534 19 6 25 9 5 1 36 33 30 15 34 37 31 32 38 17 29 14 35 11 18 10 13 12 20 2 3 27 21 7 39 8 28 22 24 26 16 0 23 
local 2048.237 35 2 9 28 32 21 14 37 22 1 15 13 3 10 16 24 30 33 25 29 12 36 38 27 0 8 26 6 34 23 17 18 19 11 4 31 39 20 5 
local 2126.8429 30 36 2 10 35 34 28 7 11 25 15 3 6 33 31 23 18 14 17 26 1 12 9 39 27 37 0 24 20 19 22 16 32 8 13 38 21 4 5 
local 2187.934 24 39 14 22 11 27 33 38 31 23 6 2 18 8 9 30 3 1 16 29 35 37 28 17 5 12 20 13 0 36 10 4 26 7 32 15 25 19 21 
local 2255.8913 7 30 39 35 21 24 20 0 3 36 33 8 31 19 14 38 15 11 32 1 4 25 10 17 26 29 22 34 6 27 16 28 2 18 37 23 12 5 9 
local 2099.4329 17 23 21 11 24 8 13 2 34 28 1 16 20 27 25 10 12 30 33 26 7 38 0 14 37 15 18 32 39 19 35 4 6 9 36 5 3 22 31 
local 2269.136 7 37 1 10 3 28 34 12 18 33 20 24 9 4 36 0 29 25 17 19 11 13 27 21 16 31 23 15 32 5 39 14 2 30 35 22 26 8 38 
local 2010.1731 30 16 29 10 7 38 2 5 27 1 17 25 15 12 3 19 36 18 34 22 11 24 8 23 33 21 39 6 37 35 14 20 26 9 4 32 0 13 28 
local 2171.2123 11 25 29 13 12 3 34 10 0 4 35 16 5 14 20 6 15 1 37 27 7 22 28 21 8 26 18 38 30 39 31 9 19 36 24 17 2 33 32 
local 1982.0914 32 23 37 11 22 33 9 38 34 10 26 0 21 8 20 24 29 1 15 39 28 7 35 18 2 3 25 5 19 30 6 36 4 17 27 16 13 31 12 
local 2214.357 0 31 30 29 34 4 11 39 13 15 38 27 5 12 37 10 20 32 17 24 1 22 16 26 8 9 19 21 25 36 3 28 14 18 2 6 35 33 23 
local 2268.1724 25 10 33 35 8 5 34 36 27 21 31 17 20 1 28 26 9 19 7 4 32 23 12 37 13 15 0 39 11 3 22 30 18 14 16 2 38 29 6 
local 2097.4535 21 26 4 20 6 31 39 10 24 11 7 25 33 32 9 36 8 2 13 18 1 27 16 15 29 3 19 5 28 0 22 30 23 38 17 34 14 12 37 
local 2305.7332 26 22 24 30 20 21 13 36 35 5 14 39 33 18 37 2 0 25 10 8 1 7 34 9 19 3 31 6 17 29 38 27 28 4 15 12 23 11 16 
local 1677.224 25 22 32 0 5 39 30 10 18 6 20 12 13 2 17 19 29 27 23 34 11 1 38 35 28 7 33 37 8 14 15 16 26 36 9 31 21 3 24 
local 2309.353 14 32 6 19 17 9 21 7 0 23 18 26 29 27 25 20 8 36 33 37 31 34 4 5 2 13 11 16 10 38 1 35 15 28 24 30 39 22 12 
local 2255.0415 22 31 36 30 21 18 25 23 29 19 37 5 14 10 6 11 35 13 33 28 20 4 3 26 1 12 7 34 27 0 38 24 9 2 32 16 39 8 17 
local 1848.3613 5 34 25 18 3 2 33 23 4 16 22 17 31 10 20 29 0 9 24 26 32 15 8 12 35 27 36 6 28 7 30 21 19 37 38 39 1 11 14 
local 2253.9625 23 12 17 19 7 13 38 3 36 1 0 31 30 28 20 29 4 26 11 10 34 16 5 39 37 22 15 2 35 24 9 21 14 18 33 27 6 8 32 
local 2263.780 39 16 5 31 38 9 19 28 29 21 36 22 12 6 23 14 4 13 37 27 11 2 24 35 1 7 32 17 30 20 34 10 3 26 15 8 18 25 33 
local 1875.6323 12 20 5 29 38 19 34 26 25 6 28 2 4 10 37 16 24 27 22 31 13 32 17 35 30 1 11 3 21 18 8 14 0 36 7 33 39 15 9 
local 2138.6731 16 28 27 6 10 7 5 0 4 36 26 37 18 23 22 11 19 29 34 38 3 9 15 35 14 13 8 32 30 12 1 33 24 20 39 17 25 21 2 
local 2336.4418 28 21 17 23 1 10 37 0 30 24 9 25 8 12 19 26 22 27 32 31 20 33 3 2 36 39 6 38 14 34 29 16 13 11 5 4 7 15 35 
local 2094.0718 11 36 3 35 25 38 16 4 27 9 24 15 5 2 23 10 31 29 13 39 37 21 0 7 1 8 17 26 19 28 22 12 6 30 20 32 33 34 14 
local 2435.472 7 11 30 38 8 5 27 26 29 20 4 33 23 0 16 39 6 17 37 32 34 22 9 19 12 10 15 21 36 1 18 3 13 35 14 28 31 25 24 
local 2260.1537 10 14 34 5 7 2 24 18 27 26 32 36 39 21 1 3 22 6 20 28 15 23 29 31 9 13 16 35 25 17 19 12 11 0 4 38 33 30 8 
local 2310.9323 35 15 18 1 39 20 13 36 5 21 4 33 9 37 6 14 27 2 0 16 34 8 24 32 19 12 10 22 31 25 11 30 3 26 29 38 28 7 17 
local 1951.562 4 35 14 20 34 39 16 12 19 10 33 36 38 25 31 3 37 11 27 22 18 32 0 5 28 21 17 9 26 13 6 1 8 24 29 15 7 30 23 
local 2059.8316 21 34 3 36 6 29 33 13 18 15 26 4 32 2 25 1 8 12 17 7 23 14 19 24 27 31 38 35 39 20 9 37 11 5 28 10 30 0 22 
local 2349.7226 2 12 0 39 9 34 38 13 10 24 32 29 31 28 14 1 21 22 33 16 20 17 35 4 36 19 11 7 27 8 5 37 3 23 25 15 30 6 18 
local 2056.6829 35 17 13 9 38 36 7 21 18 11 6 5 20 26 8 15 14 32 24 1 23 31 28 30 27 19 34 33 37 39 10 16 3 12 25 22 4 2 0 
local 2218.214 31 36 7 3 21 15 35 25 23 33 27 19 2 29 11 13 28 32 16 22 4 5 8 24 1 9 37 10 0 26 18 39 38 30 12 17 20 6 34 
local 2179.2428 7 29 31 4 38 18 11 14 12 27 37 39 32 2 33 36 21 3 9 22 30 19 23 25 16 34 13 24 20 5 10 1 35 6 26 15 8 0 17 
local 2262.928 17 15 7 13 1 8 31 3 2 30 16 19 22 24 35 34 21 27 23 37 36 12 14 26 6 11 33 0 18 4 29 5 10 38 20 25 32 9 39 
local 2298.2230 34 37 10 27 3 16 39 14 12 20 4 2 31 8 19 6 21 9 33 15 23 28 17 26 38 13 25 29 22 11 32 5 1 36 7 24 0 18 35 
local 2167.3110 33 3 20 11 18 24 36 0 7 37 5 14 17 23 4 2 16 35 9 15 21 29 8 27 6 31 30 1 39 25 13 26 22 38 12 34 19 28 32 
local 1902.7537 21 26 6 15 2 3 38 20 11 1 19 14 34 39 22 17 8 36 4 23 13 25 24 35 18 31 27 0 5 29 9 28 7 33 30 10 32 12 16 
local 2250.1916 15 22 36 5 2 20 11 14 18 6 24 37 12 9 39 7 1 0 35 25 34 30 28 4 33 31 27 32 3 21 10 23 29 38 13 8 17 26 19 
local 2310.6428 25 5 26 38 10 37 12 14 11 15 35 9 21 20 16 27 18 22 23 24 32 34 2 4 30 31 8 1 36 39 3 6 13 29 17 7 0 33 19 
local 1906.7726 1 39 28 34 9 15 22 6 17 2 21 7 0 38 36 8 12 24 5 10 14 16 25 29 18 4 11 13 37 27 20 30 3 19 32 23 35 33 31 
local 2222.4429 20 19 35 6 7 24 25 17 3 10 15 31 13 4 9 21 5 33 27 28 0 2 26 22 30 18 11 8 39 12 38 34 37 14 32 23 16 1 36 
local 2280.1810 9 28 3 35 29 15 6 25 11 2 26 20 37 12 21 38 7 34 8 18 27 19 33 22 23 31 1 5 0 32 17 24 4 16 14 39 13 30 36 
local 2242.1424 38 0 26 37 28 25 2 17 27 15 32 1 10 36 23 3 8 22 16 20 14 30 6 7 11 4 31 39 5 12 34 19 13 29 9 21 33 35 18 
local 1937.462 18 11 3 32 8 6 24 15 19 35 16 20 0 1 30 4 29 38 26 7 37 36 21 12 31 33 23 17 27 39 5 34 13 10 28 22 14 25 9 
local 2171.736 7 19 31 6 12 4 11 26 37 24 21 34 17 20 33 13 10 8 39 35 27 5 22 25 1 28 29 3 18 15 9 2 38 14 0 16 23 30 32 
local 2061.9527 25 8 1 10 12 22 39 20 0 34 33 17 30 36 6 13 2 16 15 18 38 28 3 32 9 31 29 19 14 11 4 24 26 21 7 23 35 37 5 
local 2357.9819 30 13 9 15 1 7 6 12 8 39 21 14 26 0 16 28 38 25 10 36 18 32 37 17 5 11 35 27 3 34 29 33 20 31 4 2 22 23 24 
local 2017.0624 25 18 2 7 28 35 13 27 10 14 31 37 8 9 29 3 30 32 12 33 4 17 1 5 6 0 26 36 16 20 22 15 38 19 39 21 34 23 11 
local 2274.9525 21 39 24 0 16 7 27 10 4 38 17 22 2 31 19 11 23 37 36 35 32 30 28 9 15 29 14 18 26 8 1 33 20 6 13 3 12 5 34 
local 2337.60 17 9 29 15 8 5 38 23 36 22 32 26 27 25 10 4 11 33 37 34 1 2 30 13 20 31 16 21 28 6 12 24 18 19 35 14 39 7 3 
local 2041.0136 27 2 31 20 15 39 9 33 14 6 21 10 12 29 5 3 7 19 0 28 1 23 13 18 25 11 24 16 34 22 8 37 26 30 17 38 4 32 35 
local 2349.6918 17 25 3 35 33 38 29 27 32 22 21 2 36 39 31 14 0 5 37 30 9 4 8 34 24 1 7 16 13 23 15 12 11 26 20 19 6 28 10 
local 1933.633 2 14 36 10 17 1 19 4 8 11 38 0 15 27 16 6 26 39 30 7 24 12 20 37 22 21 13 25 18 33 29 9 23 5 28 35 32 31 34 
local 2257.2322 3 1 2 21 29 34 27 37 28 16 17 20 12 39 26 14 23 24 33 6 19 38 5 4 0 9 15 35 18 8 7 32 10 31 13 25 11 30 36 
local 2069.65 18 21 26 12 19 10 36 30 2 23 14 24 7 17 13 38 29 4 35 6 11 9 33 32 34 28 15 31 27 22 16 25 37 3 20 0 8 39 1 
local 2222.120 29 38 39 18 8 21 11 4 2 37 22 28 5 9 13 23 12 31 25 17 16 19 35 3 6 32 14 10 33 36 7 1 34 24 0 15 26 30 27 
local 2200.7720 6 21 24 16 17 31 15 14 12 26 0 7 11 27 25 33 37 30 29 8 39 32 38 2 36 3 34 19 23 22 10 9 28 35 1 18 4 5 13 
local 2329.317 39 34 16 28 4 32 11 31 2 9 38 5 37 27 1 19 6 0 30 7 22 3 18 24 15 33 8 23 12 25 10 13 36 21 14 26 20 29 35 
local 2145.2211 34 39 38 4 14 19 29 1 20 9 3 12 36 7 21 25 35 31 26 30 27 37 28 8 33 13 24 17 15 10 23 18 32 2 5 16 22 6 0 
local 2171.6317 16 39 18 12 35 38 10 19 1 7 28 6 37 13 4 11 36 27 33 34 25 15 8 3 26 29 21 14 5 2 20 30 9 24 23 32 0 31 22 
local 1969.5427 19 16 24 12 15 17 34 32 29 10 7 13 9 36 22 4 39 38 35 2 1 6 3 0 25 18 33 5 26 8 20 28 23 14 30 21 11 31 37 
local 1983.8325 3 7 16 31 13 33 12 1 5 4 9 20 15 19 24 17 39 38 6 34 37 32 27 26 23 21 28 18 0 2 10 30 36 35 14 29 11 22 8 
local 2159.257 18 4 23 14 1 28 34 22 37 3 29 32 9 16 6 31 5 21 8 17 26 39 19 33 0 13 35 2 11 25 38 24 12 27 20 15 10 30 36 
local 1937.6311 10 12 2 27 15 9 17 0 13 31 38 3 8 29 37 4 23 33 34 28 1 24 6 32 21 18 5 14 20 25 16 19 36 30 39 7 22 26 35 
local 2033.7635 24 16 3 37 6 5 22 14 18 13 31 4 28 19 32 34 30 11 27 12 20 2 23 21 7 9 36 39 25 15 8 26 0 33 17 1 10 38 29 
local 1942.2330 21 36 37 10 8 29 33 34 7 17 39 26 15 20 23 0 32 38 11 12 16 24 35 6 18 19 22 27 9 2 13 1 14 3 31 28 5 25 4 
local 2311.4112 18 25 38 31 1 19 16 10 22 33 23 26 39 37 28 15 17 2 20 9 8 0 4 30 24 36 13 11 35 5 29 32 27 3 7 21 34 14 6 
local 2182.9812 22 33 30 23 38 28 35 11 2 10 16 8 9 36 4 6 34 37 5 39 1 14 31 27 19 20 21 25 7 13 29 18 0 3 24 26 17 15 32 
local 2131.6225 37 13 33 5 19 35 0 18 30 15 31 17 10 28 2 22 9 29 7 11 4 8 24 38 32 34 21 16 23 39 27 14 26 1 3 6 20 36 12 
local 1909.917 28 20 21 33 12 30 5 26 38 32 34 37 25 24 9 22 16 2 19 36 13 11 4 15 3 1 18 31 39 10 6 14 7 23 29 0 35 27 8 
local 2037.491 8 25 20 29 18 28 23 4 21 37 16 6 34 2 15 12 9 32 36 24 17 38 5 39 22 14 19 13 26 27 10 0 3 31 33 35 7 30 11 
local 2131.2638 4 19 2 6 39 34 14 36 5 11 27 18 1 35 32 3 29 17 15 26 23 24 31 22 28 0 7 20 9 12 8 37 10 13 25 33 16 30 21 
local 2151.0829 23 15 19 34 10 11 36 24 9 7 18 31 35 14 13 33 30 16 1 5 12 37 6 3 8 21 39 17 28 22 20 26 32 38 4 25 27 0 2 
local 2082.752 38 15 9 39 3 6 13 23 34 29 28 5 21 25 30 27 36 31 37 19 4 10 16 22 14 20 35 33 11 12 18 26 32 7 8 0 17 1 24 
local 2263.596 11 24 26 12 31 5 3 4 39 16 18 36 0 23 29 21 8 33 30 13 7 22 35 37 17 38 34 9 20 19 2 25 14 10 15 28 32 1 27 
local 1939.0515 14 36 28 11 0 8 32 9 2 39 4 31 23 19 17 30 33 12 26 13 7 34 37 27 18 5 20 22 21 6 10 29 24 3 1 38 16 25 35 
local 1998.0936 24 4 12 29 33 32 0 2 21 27 14 17 38 10 31 7 34 30 19 22 28 37 9 3 8 1 5 35 13 23 18 16 11 15 20 6 39 26 25 
local 2000.8620 5 8 0 21 10 14 35 31 15 27 22 4 7 12 34 9 25 13 24 32 36 6 26 17 39 33 23 29 38 28 30 16 37 2 11 19 1 18 3 
local 2042.4629 3 26 6 20 38 5 28 17 23 8 24 16 36 0 31 13 33 30 10 11 2 14 35 27 21 22 12 9 4 25 7 18 37 1 34 19 32 15 39 
local 2038.9621 7 2 29 9 30 0 19 4 5 12 20 32 1 25 6 39 8 15 35 23 37 33 31 26 28 34 10 22 17 38 27 36 14 11 24 16 3 18 13 
local 2248.0513 9 7 2 23 32 37 33 18 30 14 39 10 29 19 35 8 17 12 3 25 31 6 21 36 28 20 1 34 15 24 4 27 38 16 11 5 0 22 26 
local 1940.223 8 15 30 38 32 37 9 16 22 19 29 14 24 25 39 12 11 35 31 17 34 2 23 6 18 4 33 5 0 28 20 10 7 36 1 27 13 26 21 
local 2196.6522 16 5 27 33 6 10 0 7 12 25 11 19 37 38 13 28 26 3 35 21 4 17 8 31 15 9 18 39 2 34 14 20 29 24 30 36 1 32 23 
local 1950.6422 25 4 9 39 30 18 0 32 5 14 8 36 34 26 35 31 33 29 17 12 37 15 13 6 38 23 1 24 11 10 19 20 2 7 28 21 3 27 16 
local 1768.2818 8 23 36 16 20 19 10 7 33 30 15 38 24 3 14 37 26 11 13 6 28 35 17 2 34 5 12 21 39 31 25 32 9 4 0 27 22 1 29 
local 2101.6534 26 12 16 33 39 30 4 22 15 31 28 19 23 38 21 2 1 29 17 24 14 20 27 0 36 32 25 5 35 10 11 18 8 9 3 37 13 7 6 
local 2220.0926 18 23 2 27 32 5 31 21 37 13 25 22 36 8 35 17 20 24 0 28 3 29 34 10 11 19 15 7 9 38 12 6 39 1 16 14 30 33 4 
local 2021.945 23 22 10 28 34 3 16 37 30 17 4 29 24 39 25 18 8 11 14 21 1 38 9 32 27 36 2 15 6 31 35 0 12 20 19 7 13 26 33 
local 2127.7731 9 1 16 15 38 23 37 3 17 32 18 11 10 8 21 29 14 24 25 12 39 19 36 28 6 26 30 13 7 22 35 34 20 2 0 4 27 33 5 
local 1869.4511 35 38 2 12 31 17 14 15 1 5 39 21 36 19 24 37 4 26 9 20 13 16 27 25 30 29 33 7 3 8 22 28 0 6 32 23 18 34 10 
local 2083.5913 6 36 15 26 0 31 5 3 12 19 20 38 2 28 33 1 24 18 34 30 25 9 16 37 17 29 14 22 10 35 27 8 39 7 21 4 11 32 23 
local 2187.6824 22 14 1 0 2 38 15 11 16 20 39 30 31 25 26 34 4 32 23 19 3 37 7 36 6 10 12 21 8 35 29 17 9 13 28 5 18 27 33 
local 2288.1217 1 4 33 11 30 8 23 34 28 18 26 22 25 31 35 19 20 39 6 24 16 9 7 13 5 36 32 37 3 21 38 0 2 29 14 12 27 15 10 
local 2287.4635 4 2 16 7 0 1 28 25 29 21 20 39 37 31 3 6 23 13 18 17 30 14 9 10 24 34 33 36 12 11 38 22 27 32 8 5 26 15 19 
local 2263.1935 36 2 8 29 9 17 37 6 13 5 30 28 34 27 7 22 23 31 26 10 20 18 0 33 38 12 39 25 14 1 19 32 3 24 4 21 15 11 16 
local 2330.170 20 37 34 8 14 25 18 11 6 19 32 23 29 2 12 10 36 4 13 35 27 28 9 1 39 5 3 22 31 38 33 16 17 21 30 26 7 24 15 
local 2390.832 10 16 23 26 6 29 4 0 11 12 36 27 13 15 38 1 3 30 37 19 32 24 22 8 7 14 33 20 39 34 9 28 25 31 18 21 5 35 17 
local 2273.917 31 1 21 2 33 14 15 10 36 38 35 3 16 7 27 34 32 12 11 19 6 9 20 24 25 30 26 0 4 28 37 13 29 5 18 22 8 39 23 
local 2220.1737 35 19 5 16 36 8 15 1 32 10 20 12 23 38 14 34 30 13 4 26 28 33 31 27 24 3 25 17 6 22 39 9 29 0 21 18 2 11 7 
local 2122.1924 34 33 12 5 38 0 13 31 3 25 23 39 29 27 30 8 16 11 28 6 22 17 26 21 2 37 9 36 32 20 18 10 15 14 19 1 7 35 4 
local 1839.6428 17 31 32 8 15 3 20 35 37 16 19 1 29 18 2 12 25 21 36 13 10 30 7 39 5 27 9 6 11 22 38 24 33 4 14 23 0 26 34 
local 2194.50 6 2 38 14 29 24 5 22 31 13 11 30 25 16 18 15 23 9 37 8 28 19 12 20 36 3 39 1 7 34 32 4 27 10 21 35 17 33 26 
local 2161.825 15 7 1 33 0 27 4 3 29 13 30 22 28 34 19 18 39 32 26 35 9 11 21 37 17 36 10 31 16 25 6 24 2 20 23 38 8 14 12 
local 2038.9536 35 20 14 7 32 5 22 3 15 13 30 11 1 4 29 17 24 2 16 0 37 18 25 31 34 38 39 19 10 12 6 28 33 21 23 8 26 27 9 
local 2170.717 15 9 14 13 37 20 18 36 6 32 31 38 19 5 22 27 34 30 8 23 26 28 11 3 0 4 1 7 39 29 16 33 12 35 21 24 25 2 10 
local 2046.2422 35 26 9 15 33 32 30 14 31 38 19 28 10 37 18 34 6 25 8 39 12 4 1 36 11 27 23 17 2 0 29 21 13 7 24 20 3 5 16 
local 2234.164 8 1 22 6 15 38 34 33 39 23 21 16 19 13 30 14 36 27 37 0 26 9 35 24 5 7 11 32 29 2 10 18 28 17 20 31 25 3 12 
local 2134.9621 36 10 35 18 31 23 26 30 37 7 17 6 20 8 16 0 27 25 9 39 14 33 15 2 19 11 24 22 32 5 4 1 12 3 29 34 28 38 13 
local 2068.019 30 38 36 12 0 20 34 39 6 5 11 13 2 26 21 4 17 7 14 31 1 18 8 29 19 25 35 16 10 33 28 27 24 23 32 15 37 3 22 
local 1781.5212 16 11 17 33 9 32 39 38 2 15 31 23 26 0 35 18 29 7 6 3 14 19 8 24 20 13 36 34 1 28 37 30 5 21 27 25 22 4 10 
local 2126.6335 23 37 32 11 17 1 15 18 38 27 31 14 5 19 9 22 0 25 21 26 24 8 13 30 12 7 16 4 34 20 2 39 3 36 29 28 6 33 10 
local 2230.433 12 1 2 6 29 10 3 26 32 5 16 14 20 21 35 39 15 0 25 7 28 11 19 18 24 37 8 17 22 30 38 9 4 23 31 34 36 13 27 
local 1952.3720 19 16 18 0 25 11 39 26 12 27 1 2 36 22 4 38 37 9 15 24 31 7 28 3 32 17 30 14 29 13 23 6 34 5 21 8 35 33 10 
local 2126.1426 2 16 19 0 33 14 17 38 25 7 34 10 3 5 27 30 6 23 20 12 18 35 31 1 21 28 13 24 37 4 9 29 32 39 22 15 8 11 36 
local 2009.012 16 8 25 6 24 5 28 26 37 15 13 17 18 33 19 1 11 3 21 35 22 38 27 9 34 4 0 30 31 23 32 10 14 29 12 36 7 39 20 
local 1979.1317 15 0 5 7 32 21 36 1 34 31 9 28 14 11 4 19 3 30 6 37 39 35 29 38 8 2 23 20 13 24 27 18 25 22 10 26 33 16 12 
local 2291.5323 33 9 38 25 18 7 28 11 36 17 20 1 22 21 3 24 34 16 32 31 10 5 37 30 6 29 39 12 14 19 35 27 0 8 26 2 4 13 15 
local 2114.7139 24 19 27 23 21 2 16 35 37 0 28 25 18 29 30 7 32 11 13 8 10 6 22 3 15 36 38 26 17 9 33 4 14 1 20 12 34 5 31 
local 2158.2817 20 22 26 4 25 21 33 38 5 8 29 39 12 2 7 6 10 19 37 3 18 28 24 32 14 31 23 9 15 35 30 27 16 11 0 13 1 36 34 
local 2252.341 25 13 29 8 39 4 15 9 28 20 6 17 0 23 22 34 30 14 11 24 2 3 27 26 33 38 12 35 5 16 7 37 31 32 36 18 19 21 10 
local 2077.5436 27 23 34 9 15 7 6 17 14 5 12 38 37 22 25 8 11 24 39 33 2 29 1 35 18 0 4 13 10 19 30 32 16 26 31 28 3 20 21 
local 2023.7623 8 1 36 29 27 32 15 22 21 30 13 10 26 4 38 14 17 37 7 34 5 24 3 25 28 39 20 31 6 16 0 12 9 18 19 33 2 11 35 
local 2033.420 14 6 3 38 10 0 28 23 31 37 24 30 13 18 22 12 32 34 36 1 17 29 16 33 9 11 27 7 19 8 35 5 15 2 25 4 26 39 21 
local 2204.5829 3 18 5 17 19 8 23 2 26 13 16 34 15 38 0 12 36 35 4 9 21 20 22 1 31 37 27 14 10 7 24 11 30 33 25 6 32 39 28 
local 2335.953 8 28 0 24 11 30 23 26 1 5 15 36 20 22 33 2 19 17 35 4 25 7 32 29 21 27 31 38 37 9 13 10 12 18 6 16 39 14 34 
local 2267.5818 29 19 17 13 5 27 31 11 12 2 10 16 0 36 26 3 30 21 33 14 23 9 25 39 37 34 35 20 1 24 28 4 15 22 38 8 32 6 7 
local 1900.6429 5 20 22 8 1 39 2 38 16 34 35 30 27 11 3 19 13 23 18 14 31 25 37 24 32 21 26 12 6 15 4 36 17 10 7 33 9 0 28 
local 2133.5832 5 27 10 21 11 6 39 4 26 9 33 1 12 2 30 34 16 0 24 25 37 35 29 36 28 38 22 19 15 17 7 18 13 8 14 3 23 31 20 
local 2073.8927 25 34 29 2 1 18 33 21 26 16 32 20 38 15 14 11 24 36 22 6 17 0 23 5 3 19 7 9 10 28 12 31 8 39 30 13 37 4 35 
local 2517.7936 23 26 12 14 30 2 13 1 39 33 19 5 3 34 38 37 6 16 7 9 4 28 15 31 27 0 17 32 18 8 24 29 22 21 11 25 35 20 10 
local 2286.118 39 19 18 20 9 37 35 16 21 27 34 32 6 28 22 4 7 29 23 5 31 33 10 17 24 1 15 26 25 3 14 13 0 36 12 11 30 38 2 
local 2109.0536 34 28 32 3 10 2 20 37 39 35 18 7 21 6 8 27 0 23 22 19 26 31 33 14 4 24 5 29 12 9 30 17 25 1 13 38 11 15 16 
local 2029.5432 7 10 21 30 25 33 37 13 23 39 8 12 28 5 9 38 29 1 14 6 16 4 34 19 15 31 18 17 22 26 27 2 35 0 11 3 20 36 24 
local 2162.1514 26 33 37 23 39 0 10 34 6 8 29 32 13 36 16 28 31 22 5 21 24 27 4 15 20 2 38 19 3 12 9 30 1 25 35 11 17 7 18 
local 2357.334 31 24 8 1 28 16 32 4 13 27 5 26 11 15 38 9 25 3 36 18 0 22 30 23 37 21 2 6 10 29 20 12 14 33 39 19 35 17 7 
local 2231.710 36 0 21 12 3 2 39 15 5 11 1 17 28 18 7 4 6 13 29 32 14 25 26 37 8 23 34 9 35 38 30 16 33 19 22 24 31 20 27 
local 2525.985 31 7 38 34 39 32 11 30 26 25 33 0 23 37 20 18 21 3 2 24 10 36 17 22 12 35 14 1 13 29 8 6 4 19 28 15 16 9 27 
local 2104.1734 20 5 19 28 27 38 9 3 14 12 18 0 39 24 16 13 29 36 37 31 15 4 17 23 25 7 33 32 21 10 11 30 1 26 2 6 8 22 35 
local 2287.694 24 19 38 26 7 16 12 34 9 17 14 30 29 3 23 11 0 25 13 21 31 27 15 10 6 8 1 33 20 28 36 22 37 5 32 39 35 18 2 
local 2300.7433 28 18 36 13 11 7 10 37 35 3 31 38 23 15 26 19 22 5 24 32 34 25 12 17 0 1 20 6 29 8 21 30 39 16 9 14 4 27 2 
local 2096.8839 7 29 6 16 36 12 32 11 24 22 23 1 21 31 38 35 0 37 19 2 10 26 33 5 28 25 4 3 17 27 18 14 9 13 15 8 20 34 30 
local 2314.61 27 26 7 31 36 4 14 21 8 28 11 0 19 13 16 10 38 23 37 17 35 32 34 2 12 18 39 6 9 3 24 20 25 22 30 15 33 29 5 
local 2216.0829 6 2 28 9 20 3 34 38 0 13 10 18 21 19 25 24 14 32 16 30 26 31 27 22 1 23 8 35 12 36 39 37 4 5 7 17 15 11 33 
local 2259.2621 18 3 4 1 32 23 7 22 13 2 30 12 38 9 17 20 28 35 16 29 6 0 27 11 34 25 36 26 39 14 33 15 37 31 5 8 24 19 10 
local 2321.6324 37 38 21 25 1 8 33 22 7 2 0 28 26 34 23 14 19 4 5 12 9 31 3 39 6 17 15 32 10 36 20 27 30 29 13 16 35 18 11 
local 2344.710 17 24 38 28 19 6 5 21 9 7 27 36 13 29 30 0 22 12 33 32 18 39 14 15 4 16 23 11 35 31 8 34 37 3 25 2 1 20 26 
local 1983.3137 7 15 21 19 26 34 5 27 18 11 20 16 29 17 3 1 10 6 8 24 14 31 36 23 33 28 0 39 2 9 22 30 35 12 25 4 13 32 38 
local 2229.938 6 24 21 1 27 26 13 2 0 12 23 31 22 4 20 9 17 36 29 15 14 35 30 16 39 3 25 33 8 7 34 19 28 11 5 18 10 32 37 
local 2311.7912 13 0 11 37 17 5 36 23 20 8 34 27 39 31 3 4 35 32 28 10 38 15 19 33 9 29 21 18 16 6 30 25 26 2 1 22 24 7 14 
local 2123.698 33 19 25 28 7 23 37 14 17 18 30 1 6 35 22 21 10 9 3 38 24 15 39 13 31 32 29 16 27 20 11 5 34 4 2 12 36 0 26 
local 2183.498 12 31 21 7 14 20 35 18 36 13 32 33 29 24 9 37 28 34 2 0 16 4 1 6 27 26 38 19 25 10 22 30 23 17 5 3 11 39 15 
local 2125.7232 22 23 26 5 25 34 18 19 4 24 36 11 2 33 8 27 39 1 30 35 9 7 3 20 15 0 14 12 37 10 31 16 29 38 21 17 6 13 28 
local 2133.246 7 15 13 0 22 27 37 16 26 36 3 5 30 19 18 25 8 28 11 10 31 17 21 32 1 39 20 29 23 9 35 14 12 2 33 24 38 34 4 
local 2180.4735 15 12 21 9 10 28 25 11 30 1 20 22 14 2 3 19 16 39 26 31 18 38 8 17 33 5 29 6 24 36 0 27 4 7 23 37 34 32 13 
local 2191.4632 38 21 27 33 9 36 37 7 0 5 20 30 39 15 22 23 1 25 6 3 29 10 31 26 14 24 8 17 18 11 35 2 28 4 34 16 19 12 13 
local 2233.6639 7 8 38 9 32 6 24 13 15 37 34 12 26 25 17 18 31 11 16 30 21 10 29 33 35 4 27 36 28 22 2 19 1 0 23 3 20 5 14 
local 2200.6137 20 30 27 38 14 16 1 0 21 18 28 4 19 23 2 6 12 11 26 33 39 35 3 7 5 9 36 10 8 15 32 31 13 17 25 34 24 29 22 
local 2166.010 18 4 13 36 11 29 17 21 34 22 26 19 7 25 1 5 33 16 3 6 12 27 23 38 9 15 20 28 35 37 32 24 14 31 8 10 30 2 39 
local 2272.6435 22 27 4 28 0 20 38 15 12 25 6 17 14 36 30 5 32 31 13 23 8 26 3 18 37 34 16 19 21 29 33 7 11 24 10 39 2 1 9 
local 2257.0112 28 26 34 35 18 9 0 30 25 5 16 6 17 7 3 36 21 31 22 24 10 37 14 4 2 23 20 29 8 15 27 1 19 13 39 33 38 11 32 
local 1991.7631 28 8 27 38 21 33 23 34 30 20 4 5 19 18 0 2 16 9 14 17 37 1 39 29 10 26 36 11 22 6 7 13 24 12 25 35 3 15 32 
local 2021.4913 0 34 8 7 15 25 38 31 35 28 14 12 26 17 33 23 6 9 30 36 18 39 19 29 2 32 22 37 24 27 20 21 3 1 16 10 5 11 4 
local 1924.6713 34 39 24 37 20 25 26 14 35 21 30 17 36 7 19 3 4 38 12 28 5 23 8 9 27 33 10 2 31 18 11 22 15 32 0 16 29 1 6 
local 2139.7236 0 31 23 39 26 1 21 20 12 13 24 37 28 34 16 38 27 7 18 6 8 4 32 2 29 19 30 9 25 22 10 33 14 11 35 5 3 15 17 
local 2115.319 39 29 25 3 24 37 14 30 26 35 13 9 23 15 27 0 31 11 22 6 17 28 32 10 12 8 38 21 4 34 20 1 18 33 36 16 7 2 5 
local 1978.533 12 35 21 2 13 9 15 30 11 23 32 31 14 38 5 34 27 22 25 36 18 1 37 20 17 33 4 39 26 24 10 19 8 29 0 16 6 7 28 
local 1935.7622 25 3 4 29 5 39 18 20 1 12 19 11 14 13 26 23 16 32 30 21 17 38 2 8 15 27 9 24 34 0 28 7 6 10 33 37 36 31 35 
local 2028.4514 20 5 9 8 32 19 37 38 13 6 33 2 0 1 24 25 15 34 29 12 26 22 16 4 17 35 18 21 27 31 23 28 30 39 7 11 36 3 10 
local 2487.761 6 10 3 17 20 23 27 33 39 25 12 13 5 14 0 28 15 9 11 26 31 22 29 35 4 32 38 21 8 18 16 37 2 7 19 30 36 24 34 
local 2071.7528 7 26 18 3 24 20 5 36 23 27 31 10 30 38 32 15 14 34 16 4 25 0 11 13 39 2 12 6 21 22 1 19 37 8 35 17 29 9 33 
local 2269.438 4 25 36 20 26 33 7 32 22 9 21 28 15 12 14 39 31 17 3 19 0 6 11 23 13 5 27 24 10 2 18 16 1 37 34 8 35 29 30 
local 2193.0935 30 11 3 36 4 14 7 22 33 31 18 0 10 12 37 15 32 26 1 8 39 13 24 16 25 34 28 20 29 38 23 5 21 19 6 2 27 9 17 
local 2162.723 24 26 10 21 23 18 16 12 22 28 13 29 4 1 36 27 5 35 15 38 31 37 20 32 30 0 2 6 8 9 17 7 25 14 11 34 33 19 39 
local 2439.732 35 28 30 31 0 25 17 4 16 2 23 14 20 18 15 22 13 29 3 12 10 24 39 38 27 26 11 9 34 8 7 19 33 36 21 1 5 37 6 
local 2222.1718 16 33 1 30 32 29 24 11 37 9 0 25 39 38 35 21 4 28 14 27 12 20 2 17 10 26 3 23 7 36 34 8 31 6 13 5 15 22 19 
local 2063.0431 0 10 21 28 23 7 36 35 20 33 37 16 19 13 26 22 4 5 27 14 8 30 1 6 9 15 24 2 3 17 25 34 29 12 39 38 32 11 18 
local 2237.2611 24 9 29 7 5 35 17 8 36 2 31 27 23 30 1 22 16 4 6 33 18 10 34 14 39 15 26 21 0 28 20 25 32 38 13 19 37 12 3 
local 1876.1131 20 13 37 4 8 29 36 6 28 10 0 30 23 21 32 25 39 27 16 22 14 17 9 7 33 15 1 24 19 2 38 18 5 3 26 12 35 11 34 
local 2018.344 12 24 21 8 10 14 2 18 1 19 11 5 30 0 34 35 39 36 25 6 28 16 9 31 33 32 3 15 23 37 26 20 17 22 7 13 29 38 27 
local 2098.8424 2 16 3 22 15 38 29 25 18 6 34 26 37 4 31 33 10 9 0 13 27 12 20 14 1 32 36 11 5 8 35 7 17 19 28 30 39 21 23 
local 2178.4730 39 4 38 21 0 22 31 24 13 7 5 20 28 19 26 17 12 15 33 1 6 16 34 23 18 14 27 29 8 2 35 3 9 32 36 25 37 11 10 
local 2162.3115 8 36 13 25 30 10 9 24 12 5 33 16 34 38 20 2 0 27 29 32 18 3 21 35 7 23 37 22 28 39 26 1 11 14 4 19 6 31 17 
local 2098.7818 21 7 38 27 19 33 6 11 34 39 30 5 25 31 28 13 12 22 4 1 9 16 20 10 0 24 26 36 17 3 8 23 37 2 32 15 35 14 29 
local 2159.6427 11 38 23 26 29 10 14 7 33 35 2 17 1 30 8 4 20 36 6 21 15 22 25 12 34 18 32 28 37 39 13 9 24 19 3 16 5 31 0 
local 2183.0935 19 16 17 11 30 6 2 5 32 34 23 31 9 25 21 0 24 28 33 3 38 37 12 39 18 27 20 7 4 26 13 1 14 29 15 10 8 36 22 
local 2234.6732 36 22 10 38 39 24 3 33 20 25 12 31 11 37 34 14 2 13 9 26 23 6 21 15 28 27 35 0 7 5 8 18 16 30 19 1 17 4 29 
local 2146.3110 37 4 23 28 34 33 32 29 9 39 17 2 13 1 22 24 31 3 15 35 11 12 8 5 21 6 16 27 0 25 14 30 36 20 18 19 38 7 26 
