local 557.8470 3 6 7 5 4 1 9 2 8 
local 580.2628 2 4 5 7 6 0 1 9 3 
local 573.5221 8 9 5 6 4 2 0 7 3 
local 576.9471 6 0 2 3 4 7 8 9 5 
local 551.6084 8 3 6 7 1 0 9 2 5 
local 595.7616 7 5 8 1 3 9 0 2 4 
local 499.4530 1 3 4 9 2 8 5 6 7 
local 554.5310 8 1 3 5 2 7 4 9 6 
local 621.4162 3 1 9 8 6 7 5 0 4 
local 429.7783 1 6 0 9 7 2 8 4 5 
local 565.2893 7 8 2 1 0 6 4 5 9 
local 597.0345 0 6 9 1 7 8 4 2 3 
local 458.0529 7 2 4 5 3 1 8 0 6 
local 552.5988 5 6 0 9 4 1 3 2 7 
local 597.8339 5 6 2 8 1 7 4 0 3 
local 601.4336 0 4 9 5 1 7 8 2 3 
local 455.984 7 9 3 5 0 1 8 6 2 
local 469.0293 8 9 7 1 4 5 6 2 0 
local 491.7574 5 2 1 7 3 9 0 6 8 
local 472.7757 1 2 4 0 8 5 3 6 9 
local 480.3368 1 0 6 7 9 4 3 2 5 
local 492.2717 0 5 2 8 3 6 1 4 9 
local 564.9028 3 7 2 4 9 0 5 1 6 
local 541.7856 9 5 2 7 1 0 8 4 3 
local 556.3148 4 7 3 2 5 9 0 1 6 
local 472.4790 1 7 4 5 3 9 6 8 2 
local 603.6710 3 9 8 7 6 5 4 2 1 
local 448.3025 0 9 7 2 4 1 6 8 3 
local 450.0479 2 0 8 6 5 7 1 3 4 
local 493.1432 6 9 7 1 5 4 8 0 3 
local 612.569 5 7 1 2 0 4 6 3 8 
local 560.5876 3 0 9 5 4 7 8 1 2 
local 604.2251 6 5 4 0 3 2 9 8 7 
local 465.3025 7 9 6 8 2 0 3 1 4 
local 422.6247 0 3 5 2 1 8 6 4 9 
local 493.3671 6 2 3 9 7 8 0 5 4 
local 534.2192 0 7 6 3 5 8 9 4 1 
local 543.8429 6 3 4 7 5 1 8 0 2 
local 493.2859 0 8 6 2 5 1 3 7 4 
local 503.1978 5 4 3 9 1 0 6 2 7 
local 528.3228 3 6 1 2 9 4 5 7 0 
local 564.4070 1 3 8 5 7 2 6 4 9 
local 489.335 8 6 4 2 7 9 1 3 0 
local 597.5358 3 6 9 2 5 0 7 1 4 
local 578.3347 4 8 5 6 1 2 9 0 3 
local 615.2010 3 6 2 7 1 8 5 9 4 
local 557.8941 9 5 7 0 3 8 6 2 4 
local 603.1731 5 2 8 9 6 4 0 7 3 
local 621.2212 7 4 8 9 3 1 5 0 6 
local 619.5389 5 7 8 2 6 4 1 0 3 
local 559.9981 7 3 5 0 8 4 2 6 9 
local 464.2112 5 8 4 3 1 9 7 6 0 
local 507.7824 2 7 1 6 8 5 3 0 9 
local 564.9990 7 1 5 2 4 8 3 6 9 
local 619.2951 0 5 7 2 6 4 9 3 8 
local 546.0353 9 1 5 4 8 7 0 6 2 
local 454.2338 2 7 9 4 5 6 1 3 0 
local 664.6854 2 7 8 3 1 5 9 6 0 
local 506.796 0 4 9 7 1 3 8 5 2 
local 548.7126 5 9 3 1 0 7 4 8 2 
local 590.0074 0 6 7 3 5 1 2 8 9 
local 479.39 1 0 7 4 8 6 3 5 2 
local 635.6316 7 5 2 3 0 8 9 4 1 
local 536.473 4 1 0 9 8 5 2 6 7 
local 605.1189 4 7 5 0 3 2 1 6 8 
local 543.1552 5 1 6 4 9 3 7 0 8 
local 498.6581 7 4 9 5 3 8 6 2 0 
local 521.4212 0 8 9 1 6 3 4 7 5 
local 470.2428 3 4 5 2 6 1 7 0 9 
local 577.1969 6 8 2 3 1 0 5 7 4 
local 450.3561 7 9 8 2 0 3 5 6 4 
local 636.1525 2 3 0 6 1 9 8 4 7 
local 489.3383 7 0 9 1 2 6 5 4 8 
local 627.633 7 2 8 4 6 1 0 5 9 
local 490.2718 2 0 4 5 6 7 9 3 1 
local 575.6560 4 8 7 2 3 6 5 1 9 
local 398.8983 1 7 9 6 2 0 8 5 4 
local 522.985 7 8 3 4 2 0 9 1 6 
local 544.9386 0 1 2 8 9 5 7 4 3 
local 553.4550 6 3 9 5 4 8 2 7 1 
local 560.2850 2 6 8 3 9 5 7 4 1 
local 563.0792 8 5 1 6 9 7 4 0 3 
local 500.461 8 6 9 7 5 3 2 4 0 
local 572.0517 0 4 9 8 3 6 5 1 2 
local 611.8682 7 5 8 4 6 9 0 3 1 
local 622.1190 6 1 9 5 8 3 2 7 4 
local 494.1234 3 2 6 0 9 8 7 1 5 
local 561.3663 9 4 1 6 8 7 0 5 2 
local 599.5248 1 4 6 0 9 5 7 2 3 
local 459.6359 7 2 8 6 1 5 0 4 3 
local 637.4468 4 9 6 2 0 5 7 3 1 
local 618.2540 2 8 4 6 1 9 5 7 3 
local 509.0654 6 8 1 7 2 3 9 0 5 
local 456.771 2 3 4 6 0 8 9 7 5 
local 613.8050 6 4 2 1 9 5 8 7 3 
local 635.7586 0 4 1 2 7 5 9 8 3 
local 558.6523 1 7 5 8 2 9 0 4 6 
local 559.46 3 8 4 9 0 7 2 5 1 
local 511.4344 0 7 1 8 2 6 9 5 3 
local 567.2191 4 7 5 3 6 0 2 9 8 
