50
62.651373944840905 31.219848086867973
61.59461066035684 88.93371934997114
86.7266149310154 89.69123179704813
80.29225290077062 0.25778688193475174
2.5685674392137314 56.00705560553536
39.819605447858464 47.941656851279745
68.28550629122205 92.12300009119555
15.508151135639615 74.15643653770616
68.43997502070155 76.52908898488037
68.59134569744486 67.13821337802891
84.59282006738175 29.23655922153605
67.92251614699467 58.84703226641048
59.43634163885043 37.41783107851164
92.99965368961935 64.9443635414528
94.36742424046942 37.71286091083576
8.018868846381611 33.07479814484851
46.66869363194722 38.373020218091256
20.399325194044295 5.155542450127415
44.50299114905545 9.26836450898615
97.27431500132518 82.16778584856516
51.65103120224192 74.76532043678557
35.14223228851926 51.1939022275729
58.639272166349 18.79600371006346
38.786100574448334 1.6755345528548071
81.20128751632802 92.65006436136038
16.19391915222952 5.163575662547448
13.010039990920387 78.0316798831181
88.86552045602576 99.37295832113684
76.05099287895737 17.98326982285913
97.83495667036594 24.08714844649219
58.79915653402874 17.23659478119003
24.75680923426855 90.37779936412223
77.67199391012669 69.90186043430397
62.415386770292415 29.031057359236947
78.03395914063307 87.12875945540442
61.32953562301351 54.54766960802486
20.014501479559243 85.75617541452742
58.36361697998059 40.63948596702463
38.40508354266898 51.845308812330096
43.214241190315164 30.769790080381508
11.072282368066666 88.85161342390602
83.14919891790952 81.13513296997439
75.59768724749078 96.36641205814959
12.259250599244108 72.00617115016308
92.40840698367926 90.02145860019529
92.26395993137557 98.90046100014774
95.14684634415424 18.604070914849324
62.749704902322065 4.1585700160784995
89.6194068027197 35.71322407048591
98.53692562702324 84.71860040652477
