15
92.56789373949734 56.455242062319776
12.089604611794446 33.065639353274214
88.31418820789298 76.63257784036605
12.967640074039755 6.567128216471274
77.26448682570845 28.80942813895254
61.340170571631155 25.881247796240338
55.55951103420932 39.27396803043901
58.7839556874365 66.69334158711648
89.70324642552846 62.44524844501714
7.880151191862028 58.959577537400655
96.88092215137934 52.91665629522344
47.70132452335382 58.11913150192325
59.10560749940451 28.10115838961298
7.134139902313752 14.525118175548402
20.145480307620634 94.91008509960169
