20
72.19292426051295 99.88297447283568
73.38989169696517 67.94971608187673
21.209023232655223 31.384093190899886
25.52703590375992 54.13691780402782
16.419859305640216 11.692938920735585
46.10939377674106 32.57700851661804
24.45037053155713 69.878754599614
8.11719751096508 54.60657448274873
22.44619848451821 37.408838501976206
37.808459756855186 75.35153066669493
5.55581394805712 90.15662329742638
62.496383070292836 90.36270477607131
47.42973909435841 13.08764428483945
81.57321202356424 73.79496788003058
3.9744889570513253 90.33770056316986
51.29639326275078 28.163383822646924
17.517079145097924 27.817407255728487
19.075465710142005 8.827981864788425
77.08671245012638 21.248700823753598
79.5476790979377 13.899061468858465
