200
16.826217606655426 3.85240022748915
43.959991571977255 78.40863337445819
75.97236115099865 67.03355691146939
92.62231978320393 71.99158464529995
19.125569890080396 60.924681141569614
44.53363934886263 91.82502131921974
3.7025960092174404 64.28752897290273
13.759127019636697 82.95911043368982
86.82464810731753 3.6948184459778544
88.48185991352729 13.26232572493221
2.7684195531251454 48.355526269908054
91.83498979247133 34.25584265617492
84.0734365147993 39.264730250634535
66.80565257989662 68.63571702329823
83.42311235324884 4.999702615988499
43.87230961672479 72.94703154036995
66.19429720244409 14.348029846595134
71.04314353403704 11.417415003625454
92.36403225351289 18.799543580403043
9.175599026247006 65.8462532040986
14.092094368694596 7.943988016887371
31.050048565285827 15.738374974786296
84.97715142343829 18.255359278364114
33.5467863909249 16.860482011859133
15.5732601504468 38.70688973910502
82.18769965941918 95.75748718221132
74.96018487679027 21.37350261548733
75.28460576682008 37.66141558239163
71.44278576563822 56.83353324969966
44.98202345668244 15.679336358166774
96.7172937828068 30.212146122640426
34.313518252773754 25.172742265050463
22.95244927738864 36.020795751510526
77.306827176473 24.512584811671555
95.37988926802574 14.115189641094872
15.47685923187272 97.91106756007845
79.39640067256438 30.184612709080294
14.16194306746994 63.646999568188676
85.75955753249431 95.92656382902513
28.673319473942904 98.47295482510238
40.09173343551659 9.785475896318207
23.007875264817034 4.205566526444493
72.01852651025767 27.511148234993442
42.64953549125453 94.95841956775041
56.41074293903488 20.982526462743323
95.69336145933926 70.71245928611602
75.59801536035891 65.27279727458101
78.08315609394297 18.280009126269537
95.56724001538963 7.9602211909790555
5.190045777910857 46.29892875675728
99.30512699683926 40.90644099963249
31.732452593526627 20.397116444138042
57.050455216107444 82.79887516529911
96.21895105475559 40.557263774344435
29.344573197742484 76.15271669885128
37.77621866634 37.51329295310971
43.08816505562323 22.71752620665165
52.42735306672438 2.9887020410181986
89.31935762107828 94.343041836886
4.1804314761672785 85.69397502522187
25.092159857067585 38.924196748162686
63.61313525626786 35.67489641623294
82.4632594262927 62.58972253152728
60.55251431515979 52.5499812342053
73.88338816818444 57.37909754990533
14.595365306377172 77.03019365511132
53.99290250453286 91.0104099297674
43.16272823600762 92.69340573805299
85.60761094583079 64.48781908562997
12.126969071846416 96.66553668409205
18.950621231377784 37.72234988041099
50.282800790761506 12.429704881590931
60.73688150872414 61.846685046580085
34.20975867496098 67.73592632668493
47.51814671825577 29.753252480477776
76.13308142323004 36.71589950643103
91.29222973912727 95.1158971646811
97.58251896990598 13.86336963163457
68.59852650853581 24.152469494732763
40.982469097590844 24.932913619982667
18.47764506510248 27.344721612470334
53.874737444678665 27.816665776006786
48.91148971158551 51.36894379832192
85.76407172348259 58.44133419634188
71.31023877856695 37.16406544783168
48.22549235259037 16.383307709593197
56.73448565879422 69.3937225537507
11.360693317166737 71.13413435095738
45.77469658512516 16.002406243113356
96.01623831318238 58.343151258440706
46.541658948072964 18.313428478409076
67.67195322973369 73.15630541435169
74.47976636034288 83.52333081737568
9.932914994907705 89.1145146010136
41.010212465921825 62.09626014939131
83.65992943339651 65.8226750268791
70.89018616769921 58.93274555858095
94.55115671337484 44.42370575175012
84.61253893891255 0.9908399486495578
42.30901593785622 36.42532651490738
74.41714185312898 33.08737158437724
72.22669012383989 67.23890684690149
62.750422867345314 23.539321674100755
79.17583985050555 80.71099208684753
14.556148353545485 62.25885559363661
55.56975699943947 14.15111802207505
79.79406075896988 7.395287303192766
41.20807425088929 58.930546170475125
75.78400458299868 56.58985682524936
93.41299157888629 81.93284791683082
15.208955562865523 42.88585732274362
74.22524017614397 65.8412676459271
36.51261101565241 58.038344828099675
71.50132251296068 79.54907705017033
59.24040243608082 61.18353289776897
16.706227620644356 13.09176793509691
58.014465212315756 53.064029697316826
22.039035386924056 22.89038487175886
60.11733273536437 88.30299042324339
16.493560245269823 56.24853449748809
17.32291938662236 48.935203888534616
63.29612345598542 53.93296444775609
1.7742511336610978 39.325218167027955
67.74781469326221 64.44418122150067
75.73282735121154 85.03494330423501
28.04867669783746 49.85978354783607
83.98675135078754 27.030443147040195
55.60591397959953 52.11041565104645
46.00273537704298 48.01900573306027
89.51090246511399 64.74572965181993
36.172530749969646 14.095413781168798
6.156579754330727 4.598747670791337
95.72677971503191 81.87835933656537
14.571500935412852 6.626914585484478
43.51365761783866 3.0253332949056633
97.4248063821688 51.09843698066503
33.25411989252024 58.94814058473674
49.48466600585854 98.73734949808164
67.23468550196777 74.36983182300479
27.48715869476178 55.616559160683565
99.38414277606535 25.09597965833965
37.851036971147586 0.7018150013046176
85.4854069050887 91.1620055432179
77.779087912271 73.4072776752265
92.91078299381613 86.13318333480434
42.05547253734454 46.632707629259706
19.140516645062668 48.596127652395396
2.3304499499648856 84.01212121770297
64.12388520070378 81.19923720184124
9.581126911643834 65.13819683512554
68.05777135906023 38.69125239148359
72.70166392225829 63.341210639769294
39.52707463765203 56.405271175803215
87.27313515417136 63.86008556425013
65.894960835646 99.47816242639828
0.5640918473340806 69.51522234527174
94.70750784101244 23.07507428132588
58.31839059230435 78.79835294576688
32.333862411721334 33.82462470303743
17.1240350700819 95.7844244018638
15.552106922867814 67.85614588726996
3.9793009826687875 71.9443520660713
6.579913425961714 70.87187246348174
47.63383203913173 71.60697108803272
57.17456296361475 83.96575288227847
30.617213814740797 50.35190046666877
26.000701578391872 3.0209425569952875
17.635764410691422 7.8657446894102705
48.369433225303226 52.96270745769672
69.84506734489932 22.69454918192685
91.68852093513682 86.53950265535548
4.305690360887704 5.132399631590944
17.23743968831829 98.89981718424907
0.16741505137397583 73.68079860448736
81.9374717702144 55.30281396197092
12.791234800040574 61.78051560417226
19.86394933517641 16.832073815146163
31.590796420431467 48.370528221514476
55.960525282754084 51.6655644469686
58.51036324441255 58.01875778381317
37.670104840065 59.091225186803165
31.543009519621013 23.100699586887686
19.543615291276563 42.43883517732541
99.53104271527083 4.63837554185722
69.76307886044295 69.70640947152238
76.4194609112157 85.20251235963283
10.702896631060844 92.42237400078653
38.97644061870034 84.26454564463013
48.928346355011385 37.1323189924687
2.8599079588987997 16.457883102169614
65.3898493611284 61.220730566787616
31.25338691020987 79.69663523849998
59.75833198601853 8.140510338783624
40.00758747273988 12.995931956854456
6.122746605953655 8.465533573579576
68.63013033846342 6.780699890030418
26.942555598108562 37.31461677251334
30.576904422435902 42.39778229439754
34.899447368039326 18.056458220536165
24.142699141028412 52.25177610400446
