100
67.09127117789446 66.63217918706141
48.157006622569455 86.49414165009406
22.711289405827273 82.35403901495773
43.54177262857636 83.6671764690896
62.53574582854574 32.49078350062145
75.13590102178843 44.90078912422969
34.255628448598586 51.40870627356815
39.3717980462698 62.931029971998875
99.24396258005906 15.53342578260093
29.65908107390488 87.20994423941674
51.42379961819448 21.34292733734442
22.885463930529546 4.148857792877325
96.43379489827568 63.304850239428454
14.082129384508612 94.82898745053402
60.48696123290204 34.06487302897624
86.34953808219899 80.37423217681571
22.626431324452987 28.571863847385725
85.5027776917486 78.23124913422707
28.021611179876793 34.035214835668135
65.61309488471575 95.77954773422272
25.368629622067186 11.415860980125869
76.73203451818085 51.9286905979598
7.834144182974767 73.96545528410714
70.72181840001642 65.77247626841897
64.24931498860403 8.689600730088687
66.71433165439363 40.14507426038584
81.94626718919726 79.20288891758538
93.56216672675201 66.1730047935828
10.604753100991482 63.13760029594144
91.71208522611968 80.73505478226217
92.48747081632897 26.088026183709534
40.61845941923258 13.789260164862283
19.21495073309114 2.9145801031715712
83.640998063001 5.52774834320503
28.475230372585226 29.497201170296638
5.117990576208231 41.48210666615096
85.0954927490901 85.1357570642332
81.89621461605624 87.35334347457126
37.00953297159136 49.33269562286192
15.944987391250754 50.789548352336745
55.6256838182545 4.377427073292872
45.55256131878869 36.770283417389074
19.335790440641986 63.843152056189126
24.445110321176067 26.32608277587538
17.22238655782704 91.47608175853499
96.36268560533115 58.89873502653443
90.86159901133091 45.70888608796086
29.342289749344054 90.26468549171007
93.9161689475077 39.65955893003503
22.459989432100635 16.308114172012377
7.193892646093136 0.08673846597954116
59.611841317472006 59.939144908547114
37.08522260128635 54.2588757219152
64.81734990271332 70.30113923973089
55.492348156087075 47.55034658804236
69.83654334014385 44.95862307863002
38.00822737494517 21.40014137433086
11.473026542149768 51.93212755178258
67.36204304583914 2.8180901780822554
81.0367964799802 20.753886612833117
86.97690119428957 11.665960292926359
71.46253787425637 16.742574058278326
96.67177646875564 6.745730028913998
90.58598919256849 67.22811630136137
48.42079230748227 47.770837781323905
90.87419704170709 56.67063106439743
50.444289057185046 40.31719728959364
60.678954187154154 2.802410326018878
84.39867166247777 36.01240639144835
73.0632083177322 4.515964596870092
58.419563334931645 64.70429753557873
11.315485370209611 71.30802801377261
77.93454286634453 66.89292178894922
93.26187272091344 85.19883928617564
49.361088295570084 40.00574894538052
51.92227163599503 15.72124320416377
55.56208220366431 42.94317710702099
91.52422402988883 51.52391094699949
99.08201439815511 77.69002588639407
68.34813417324273 79.06341162175917
69.71863386153008 18.590351418698493
99.2025043105052 85.54001121878643
8.567499805620415 6.16380614602976
55.79647585584039 36.30094255669639
20.833805554181794 66.22750880050216
81.62631831718048 14.509831208534585
74.65241007965773 69.60866626144187
32.70980377769027 21.539872842672956
9.110125299282368 49.580628929912216
62.166579676123966 40.20339525467792
2.205679534170324 28.46526690393356
86.21142628458949 48.2704260392091
81.77400295832769 19.831010434888785
29.94048664482839 70.46998095040352
67.49923228166446 39.9397942704647
27.746963584886764 85.61366677601725
86.99296755993795 29.34363572968113
58.85771869332414 51.37745817461702
60.89212222523902 31.173288997219117
59.78672232308714 45.30954144095163
