300
28.067636745874434 19.15433144485199
47.406734657989105 92.53286557156811
25.882109907720118 37.82418711494987
14.791451607096795 77.2647586865234
25.123735139166936 10.964005934028688
77.1075986322024 89.34611808661073
11.561870623650961 79.98851163354216
46.852820774135 31.303532976987334
96.8936614850702 55.465802908493544
29.690085789162126 72.45606616717552
65.50700305540886 51.99977771293949
0.9414504974796012 56.68977829761474
91.33367936021006 17.5483420459142
34.27924854767961 64.30270256748892
38.754902823129775 41.17011754913077
36.48736059498815 5.257852235483195
55.569171590564814 35.14225660198957
29.515829920601032 72.80622666278987
60.673143067507915 82.28114998101957
56.96249546208051 20.19129390510519
45.24398776532733 42.05165778672112
2.0857216040370496 75.8932721590663
92.03217933221552 62.099810575737635
35.54804012753199 63.568616972517134
35.875409927408306 71.94228841673824
61.74243502381644 58.05949221924111
13.644630731984053 41.07011192182603
72.15138503030495 58.652400735062905
25.922611003448925 0.7313686295652322
50.03688681798223 86.19247900281734
25.990270170277373 38.44748060122968
38.69899376718722 70.85626913789392
4.915043813197862 85.88399465086158
4.851193794515418 0.5319329126081795
65.6246630162502 0.4581350003884821
99.20966158539778 70.1495631125322
84.05928362742617 97.72409235103213
70.05043599056359 15.354487927122962
82.88307455739148 40.56451842908909
78.28927661467037 49.21422101359896
54.45384120232111 79.1221596136209
76.72432502560692 14.087368880356198
96.26265818905746 93.0997699847757
59.08733225264139 0.5155053316821201
75.06958381068327 40.840966074113496
66.46178278812542 64.943081995771
59.68827065048741 89.3571561704195
61.08443570218666 27.50658813241378
14.149513821994365 80.20379756830084
24.1574153296252 62.27181076096506
65.06251838328873 24.950771113608695
99.32012892567622 17.401164427379367
30.991541039218117 78.11792569204
39.97381315063593 87.83500089731952
16.124472465543228 28.732649543112476
70.72330715661568 58.86132656976583
98.1164993983519 54.33108982896072
68.14959106801844 27.36670069845013
93.2726280589655 79.66361507517435
47.518837764417476 20.023762475593376
18.773467399026078 59.93025964788624
3.6993822072693083 72.01494731014361
43.74866494163727 36.86894475121786
37.12163271056175 87.84301868155023
27.278159509940437 13.903157818533929
63.875914654857105 47.55711633795803
87.25183043969706 34.76572437707027
94.83734431141049 1.2155456325003478
60.81251878733941 78.51764606691887
97.38939141668864 23.006325059294518
65.30650198161054 38.57550899446122
98.51705674752614 25.741629629813513
42.052045101623314 44.63045297089221
53.8898028430174 17.130788068887203
17.16394492257406 51.669458147425665
61.946239148756234 8.518879011975445
28.16138254522106 64.41259512058207
62.43639340153669 3.193880459318288
17.566451265652372 92.64918032343085
15.342177578138937 94.2664715109251
73.71385280650719 38.5949805930885
25.24326427026715 71.99372625375327
95.88401063303704 3.2278083649730394
45.315894593830805 96.74087747143602
80.4425655918117 50.4768459493064
42.0964021085606 64.24416302213518
17.498571449687816 29.192045770806175
18.54892321405345 61.238895618542614
80.21858642370562 68.18708693695953
52.58552001928385 46.92679309584581
47.88376327100379 45.45719075410191
74.42175599305541 18.725583110831458
61.89484641267149 31.255459830395573
42.45542485094545 10.285515341182371
32.80793899791207 70.03702120465282
50.3935657090601 32.430073219579334
47.509312970066084 72.76866221604222
69.01395564252488 46.06008607107655
69.54010779123058 51.46025753731668
3.569659747769438 41.68882500416466
98.89071003771494 43.170027123121244
73.85846263375807 1.4569599141829648
80.36409018933215 12.591892233066293
16.70915735208508 57.861516042272434
71.29487178929249 98.23679142489216
58.16997853031476 70.7361079139369
13.247825973294914 22.414658633237117
61.3796897028133 73.76412953263353
16.273657266088136 85.44582451218892
76.9528646366803 86.02940674876292
30.39844895794488 87.63057439636731
88.38143099861071 12.970109045552046
1.4918021843461804 53.82821623538598
85.28566262568664 42.698774109232275
52.66500652497748 49.00708810579984
95.07797106628443 30.96794658536033
36.41357618415574 17.987361995145022
41.538200283593675 82.53736717679048
27.139031647757818 69.52128003012538
71.31914224075533 58.718464161522675
91.18210625144259 14.828822409437127
53.12825295410677 9.458136199871293
6.744344981840877 31.255635845705253
78.32213529593194 74.63257477321184
11.97076998383796 14.567366751379772
82.59984155181098 87.99468520194539
29.83953058346035 34.43913026538872
13.020433427808143 98.79695987643441
79.95963623573981 64.50465922673314
16.83475211656571 68.21867127015437
72.48420291721177 89.24777062333033
90.92903535181593 85.55262994171152
12.66357825408907 94.08555410266209
8.760025726629872 46.471467147105336
15.832164849083908 78.70740733977784
79.15601610198543 49.34141148856531
15.847355627502102 75.75728404993266
62.31656618038633 30.338646080998988
35.412153154634666 79.47678320373338
18.91041556730617 17.90028742211459
30.477161741809468 5.525485264695417
42.08361920657504 48.945865139415645
14.710359686215913 27.930108339862503
88.2152856805811 19.211403622166088
20.45562162785769 42.0529040497335
80.58918800266387 91.85553094944528
71.95678645613168 96.13883399861056
82.89171549804183 56.78135099260258
73.83620367169391 83.8997757681602
86.55964111305828 26.497380412178572
63.055275166910654 57.5753150914419
28.397690620839644 33.43521391987881
57.89826008293319 97.70907129141348
78.71379481556062 21.62313745189419
59.147320531698824 84.01596031743168
24.273709265486833 60.94354324800445
83.26542465628086 84.8445762320132
5.049315725810399 36.991479649739766
2.1968393001613573 50.70363102215133
23.327804480036253 35.770095926972466
21.80189187718996 42.16359155682367
36.2698856206217 67.65582469208078
19.6157908655779 52.81202554035818
85.47958097471358 4.771948967480888
75.950448758842 98.7022160768231
3.3652566934817774 28.0341899193737
22.353137363316634 34.97053500168612
39.759566404627634 23.862495602546264
84.64878649043555 66.5680494217435
79.00460491164948 14.201891557792113
79.35713866399082 73.54692394936158
74.52212959671711 17.825945876328298
21.467133518538873 44.97584377019964
63.34583081834037 76.0354844902617
56.018428310998246 96.10397079109762
34.317231298589704 75.31022060475802
92.23309081822208 42.25142414336484
29.923851721631898 64.34021548438508
63.47889443647543 87.81836842716675
77.78445261996853 22.471118048564875
86.41577329936334 35.268695365218925
99.14771030588155 38.12776512108046
56.3334474286277 87.06522443840913
69.12433676178696 6.597946025970303
70.62398221413932 29.03487805460353
98.09536174915121 50.598124206533136
77.73823375511574 87.5887405051858
21.85451596239487 99.99036490834081
21.691660002274638 8.123066217599295
33.001409186498606 26.01835589674648
53.841141812021064 29.12038454278163
89.83105568222932 3.671928411382974
26.248865198108128 22.41203447681063
49.30058381059838 84.10408477805413
95.81655737214301 6.7509430954462495
52.055206868918724 4.573531962301091
71.89021967951923 24.068714403616355
56.600910336299 22.21954208666994
44.94741244496746 59.198527969399784
19.08317179043034 77.02161275504822
92.3412117242261 80.49087858605397
90.49068181982905 3.5996746656368983
93.2723628236664 38.93654098349826
98.0935092704627 16.261407409762597
62.513399790278214 25.1122081605755
81.93616244195434 9.226478801961214
33.267365291308046 7.3767328448029135
56.47923835966861 7.120277904174788
13.89245118585115 26.03717787149953
58.39738114613117 39.91194152440444
52.30652840526599 50.46204227743512
91.0251857960373 60.677688175618194
21.050292717427144 23.36557251790228
57.881575096729186 71.62989179539491
94.83078473227519 97.95406435490975
60.6266696067563 84.84122745205696
51.35472342376756 62.57528821221949
53.82997489126375 88.65457769438542
43.437456118244114 44.73658981925194
2.4364105462574615 19.38295210799563
48.67695893643326 67.57677312104036
75.7515874100929 11.668349674546919
34.40120420832899 43.48412886324827
38.36740559038599 98.77928808879768
26.462421243260646 97.95836071187938
15.149593192784439 50.98666391600809
40.81704395778163 85.8934154679709
28.919367763939373 87.26081947020784
96.6956457003746 13.89888452216459
1.7797779825772464 37.989770242304566
51.45126885005333 65.54529160210723
1.9353588801148236 37.08896737454794
37.86283342744029 97.07119259092435
42.242040220927535 87.58376990702953
56.57683263661244 30.771706350449822
93.9312604273471 31.701944949499772
77.58644308761492 46.85924293828246
30.733047172278592 86.38629985926993
15.181703598487207 96.563955248999
44.279612733160235 63.76260151457242
9.969182876600968 64.88909716354968
0.206375227856348 96.40214605859956
70.15393770874113 44.866974028000016
4.5505575232343665 13.239477435748137
33.085968501593 36.158040261106464
13.836689396555146 71.32028821821815
68.29531529953975 86.28253355521687
57.88890711866426 19.03378527488886
64.78338066244213 54.36066958091066
28.513627951655664 37.34984304279325
44.05433005553208 63.6613691120382
5.09369887697968 15.02403951657464
67.36065589039836 5.13389911251938
19.2899576267084 2.099663201009172
65.34539228257843 97.19853519758601
32.53443688126876 84.68363049577749
10.247920676516387 35.5652622454212
56.255819399015564 52.91840481765039
41.029105371183796 10.574578562032254
35.066051621203854 43.954803888993574
59.53803890734155 14.290541113092846
86.76255534094763 48.78434123932455
2.2326379532640495 44.395645372025314
93.53262175897567 65.09804642010192
31.280894313619246 32.99570836104496
86.62303618657889 29.912898312995353
82.66640967489963 33.743066332453886
3.8616374196912218 15.267940394568802
11.468251526936646 86.8796430410339
1.5213558278301176 85.59987133828362
82.30704796338672 16.92547981070428
85.22478652910583 99.45809307952331
17.023298060359714 14.158872595335591
7.272330716075636 98.72159828646598
26.192433460749378 46.85392255633474
38.57116878726142 40.230841935282946
22.77737866033701 16.87996070535838
70.72183881613677 98.86261884878147
3.666575660717053 95.96142732030756
20.054750159536184 88.4715300685811
6.869820249949255 13.867315201681862
21.412985888061908 72.56370581610713
54.71140722165983 37.37219844061281
34.232542446861856 44.88592522960515
93.9889978801846 81.50044996109604
21.605333214344892 16.258436256059404
30.876673276320965 85.31302593146918
18.4105474384449 87.27145813732562
17.133559140537848 60.25078567111202
85.5869245414483 71.0215198757006
12.753988190596344 51.616102930648736
14.628834895477372 5.557497933722777
13.796892630618785 36.86142988357811
64.5816613288988 92.36681697066558
13.949254103480069 73.49725071015541
72.00759786556218 37.408791887241414
11.473009582546334 6.545020192949558
97.91641541095505 39.25856099753779
12.695713096973959 69.05097542912733
69.37905146672576 4.481637506405467
