40
40.08905162549837 28.679438511997233
98.0869550767499 5.526587739381094
37.18272618004428 56.03798476847746
54.95373801493885 76.94995778388399
68.07432388446134 62.76020230298077
36.31921372416835 14.805848119047848
12.085263507051359 55.71879287593832
3.864071756376486 9.923929854381852
57.485169744401475 96.91609126904562
25.754991442531693 66.29507531258831
4.004335871311171 7.995783304853498
98.40257269867972 24.68834831996255
33.911302668221644 31.33450334325899
4.005162385456307 37.66814974952231
52.73477458589625 74.52457709769806
39.7436084357571 65.95100535839885
70.17476844696161 99.7061081061681
70.70072438557038 10.749477825456854
98.68104529831034 24.184256211462106
93.88630414648921 47.94059529123561
7.240266328915224 79.24315831026199
24.12832385349325 15.557581032530699
77.8355725976477 76.08059412272972
7.376357908000763 41.37471478893533
67.28299769045022 85.72358953409865
75.74107370367813 83.61399535057922
45.90507927206479 33.704940692882076
95.57983536804952 87.05259544674516
23.377647271434356 6.139801702790681
97.96311661264244 19.63832383784644
15.992926338001856 22.24759384990296
13.32461524300398 46.740287302342765
15.677712629130037 40.24092442044383
8.525095384729875 26.667664664931866
38.15403938806837 13.912577471976316
44.3414498180046 26.771875434728276
85.32202419208174 57.38272886878369
84.45522051614151 79.02616878942162
77.66209702388069 42.756661207831925
56.84132970078829 31.808204868868174
