14
38.00450654256149 91.00946284079326
57.1818204458403 52.31991135834272
2.899033031620568 44.814391862748025
72.78458470392715 41.697809977524315
36.48440350104457 70.05959599341439
81.37754855883018 21.04859253146928
24.21140740560134 16.850381931955127
14.17656665474577 54.77662599278889
93.4926661332215 4.215934251916931
47.53356225678834 67.16310149588199
41.5219924438192 0.9886676861025068
45.98998979314251 25.785352882577396
89.05172076443463 56.721344768042755
39.068989915639754 1.796590985805524
