17
82.77090612108519 52.052749809962165
43.103781629687646 22.142413830327367
19.606282850395928 16.407072394144905
86.34898577885926 39.26445649099629
98.62637059565287 45.28370002094388
24.507597774086598 0.46426432868652556
32.63750084365158 54.192840941709854
34.988209171199166 85.40849958349096
84.62901826484725 29.296095862191642
64.11153871507594 17.428078515870393
36.18880033026722 19.62316004196436
37.245072795568646 60.99200312579802
51.40419623606589 14.891814740202737
43.46936943551286 29.662756017273306
90.59267484656925 21.405073326529212
35.05055146312359 33.46030501294448
45.87392564945757 3.6632391214054594
