16
0.45313997334318623 45.31585168759701
59.878036380709055 51.41032974405167
81.30021778374612 26.53112998238735
45.385546297185144 57.026699517276015
81.6008201683403 87.12314221953179
34.22610084055241 96.54820025045734
28.521243426488997 13.287390924606191
84.22383435389773 28.68773291586707
75.87208872490358 0.6593333328838602
54.46557059935127 69.97508559359942
20.828717396800457 61.002489717397665
75.54083559081847 59.328871288054266
42.6196965691933 20.044552276862117
22.549570709256795 30.708275283805943
46.612978860462476 72.69630953111795
19.952279758562298 38.33360215678977
