15
19.747746217900154 8.148781605657774
41.85665806237275 20.269085160424225
89.60370901916134 46.10922384673799
58.186738664843375 52.37633546994014
93.12934430898999 62.89330282942937
77.4830106268782 19.068139559096043
72.76760573612329 96.7051531780507
4.235552037047851 57.1017072537809
80.65477981158786 77.34966384308692
0.33102660179790133 8.529495675532871
92.7891666912624 83.8421590336837
34.86936730995739 12.65539021192339
27.732080549673277 2.0593258117844404
77.54798908804457 96.42053547472781
60.88247884844037 25.60642725277351
