18
67.91238436642108 76.26999029919146
31.713321154328867 5.57764461459479
80.31855465857696 80.90839008695286
68.5133628149505 49.06969244068004
79.11190092369542 71.48250039309264
19.41392029787419 64.221540780556
42.5525232478704 38.78471957993713
86.933597648399 95.15873078171676
13.589454058921568 73.24167087409919
53.69235530887134 1.4332260439627653
23.65789104895648 89.63113381683937
13.265531538880692 89.085050233175
80.77397552171352 5.0811036146834905
84.03019341687748 91.52978958672473
60.166836561610594 84.94423897438587
60.19976136175798 43.19681742147613
38.423519582788 2.3184302900349785
7.289048824329725 34.81836363653431
