20
98.65663521745076 61.05790528978513
38.45199283337908 40.14966715490227
89.04432311941564 83.98117389658448
92.08221028337466 44.30594802415225
22.450574022750125 33.403337980925166
11.98291722960193 22.142200284564318
88.7217773010515 56.84051691978114
59.43697990344889 60.609274794416535
88.55730086917252 87.17478768494291
68.87945546396385 46.85453358918718
97.82109418208681 40.81736754930455
60.75326884096918 91.00783394141845
60.64746525307052 50.29132849942479
53.250448510238435 61.93715441165606
87.7371726010319 52.24699470447418
30.246367392057582 23.705342347601377
76.59377992646135 88.35253066317699
54.25583116816129 56.67392991160707
39.47611886202444 22.111617087781998
28.562392314205464 7.473819381889546
