19
18.84537447761264 19.410530084466192
72.79777164212766 92.92798783014659
55.65596843860106 67.98899627523195
10.481939554965846 1.6079647130624375
28.05909142888193 51.93847805716811
52.608419230759004 43.11046601486217
62.65353482851972 77.1706809122741
77.61223053873452 9.203938504381126
95.30057513968109 1.3923136557946636
40.71482208416975 56.661770551057025
6.9068618468372645 92.61040151978082
49.08915729514669 93.05180022204318
76.82278100236135 68.92683938999566
67.11489787816501 59.18580338868272
98.94910475420163 41.56994526307296
22.86856957958694 54.38441715722515
98.71570322846715 3.1347943492075814
16.677309058820487 58.31473847387891
25.264607238813475 87.86611092024181
